0.00000E+0	2.24809E+0
0.00000E+0	2.31809E+0
0.00000E+0	2.38609E+0
0.00000E+0	2.45203E+0
0.00000E+0	2.51555E+0
0.00000E+0	2.58399E+0
0.00000E+0	2.65953E+0
0.00000E+0	2.72800E+0
0.00000E+0	2.79472E+0
0.00000E+0	2.86399E+0
0.00000E+0	2.93067E+0
0.00000E+0	3.00232E+0
0.00000E+0	3.07678E+0
0.00000E+0	3.15367E+0
0.00000E+0	3.23186E+0
0.00000E+0	3.30681E+0
0.00000E+0	3.38209E+0
0.00000E+0	3.45842E+0
0.00000E+0	3.52914E+0
0.00000E+0	3.59792E+0
0.00000E+0	3.67422E+0
0.00000E+0	3.74914E+0
0.00000E+0	3.82012E+0
0.00000E+0	3.89008E+0
0.00000E+0	3.96566E+0
0.00000E+0	4.03722E+0
0.00000E+0	4.10248E+0
0.00000E+0	4.17389E+0
0.00000E+0	4.25056E+0
0.00000E+0	4.32620E+0
0.00000E+0	4.39717E+0
0.00000E+0	4.47633E+0
0.00000E+0	4.55167E+0
0.00000E+0	4.62730E+0
0.00000E+0	4.69996E+0
0.00000E+0	4.77587E+0
0.00000E+0	4.85364E+0
0.00000E+0	4.92260E+0
0.00000E+0	4.99437E+0
0.00000E+0	5.06749E+0
0.00000E+0	5.13676E+0
0.00000E+0	5.20894E+0
0.00000E+0	5.28816E+0
0.00000E+0	5.36263E+0
0.00000E+0	5.43268E+0
0.00000E+0	5.50228E+0
0.00000E+0	5.57841E+0
0.00000E+0	5.65381E+0
0.00000E+0	5.72591E+0
0.00000E+0	5.80389E+0
0.00000E+0	5.87515E+0
0.00000E+0	5.94314E+0
0.00000E+0	6.01082E+0
0.00000E+0	6.08092E+0
0.00000E+0	6.15445E+0
0.00000E+0	6.22969E+0
0.00000E+0	6.30790E+0
0.00000E+0	6.38258E+0
0.00000E+0	6.45594E+0
0.00000E+0	6.53475E+0
0.00000E+0	6.60975E+0
0.00000E+0	6.68474E+0
0.00000E+0	6.75326E+0
0.00000E+0	6.82540E+0
0.00000E+0	6.90000E+0
0.00000E+0	6.96737E+0
0.00000E+0	7.03333E+0
0.00000E+0	7.09742E+0
0.00000E+0	7.16539E+0
0.00000E+0	7.23515E+0
0.00000E+0	7.31096E+0
0.00000E+0	7.38225E+0
0.00000E+0	7.45332E+0
0.00000E+0	7.52859E+0
0.00000E+0	7.60517E+0
0.00000E+0	7.67744E+0
0.00000E+0	7.74690E+0
0.00000E+0	7.82585E+0
0.00000E+0	7.89738E+0
0.00000E+0	7.97167E+0
0.00000E+0	8.04555E+0
0.00000E+0	8.12416E+0
0.00000E+0	8.19210E+0
0.00000E+0	8.26038E+0
0.00000E+0	8.33339E+0
0.00000E+0	8.40472E+0
0.00000E+0	8.47811E+0
0.00000E+0	8.55061E+0
0.00000E+0	8.61991E+0
0.00000E+0	8.69351E+0
0.00000E+0	8.76681E+0
0.00000E+0	8.83899E+0
0.00000E+0	8.91087E+0
0.00000E+0	8.98008E+0
0.00000E+0	9.05642E+0
0.00000E+0	9.13104E+0
0.00000E+0	9.19998E+0
0.00000E+0	9.26692E+0
4.88281E-4	9.33802E+0
0.00000E+0	9.40906E+0
0.00000E+0	9.47983E+0
0.00000E+0	9.55544E+0
0.00000E+0	9.63192E+0
0.00000E+0	9.70476E+0
0.00000E+0	9.78000E+0
0.00000E+0	9.85778E+0
0.00000E+0	9.93439E+0
0.00000E+0	1.00094E+1
0.00000E+0	1.00864E+1
0.00000E+0	1.01564E+1
0.00000E+0	1.02284E+1
0.00000E+0	1.02976E+1
0.00000E+0	1.03647E+1
0.00000E+0	1.04391E+1
0.00000E+0	1.05098E+1
0.00000E+0	1.05806E+1
0.00000E+0	1.06487E+1
0.00000E+0	1.07184E+1
0.00000E+0	1.07913E+1
0.00000E+0	1.08688E+1
0.00000E+0	1.09422E+1
0.00000E+0	1.10085E+1
0.00000E+0	1.10822E+1
0.00000E+0	1.11595E+1
0.00000E+0	1.12345E+1
0.00000E+0	1.13073E+1
0.00000E+0	1.13855E+1
0.00000E+0	1.14524E+1
0.00000E+0	1.15231E+1
0.00000E+0	1.16007E+1
0.00000E+0	1.16736E+1
0.00000E+0	1.17497E+1
0.00000E+0	1.18205E+1
0.00000E+0	1.18970E+1
0.00000E+0	1.19738E+1
0.00000E+0	1.20441E+1
0.00000E+0	1.21203E+1
0.00000E+0	1.21977E+1
0.00000E+0	1.22684E+1
0.00000E+0	1.23416E+1
0.00000E+0	1.24170E+1
0.00000E+0	1.24854E+1
0.00000E+0	1.25543E+1
0.00000E+0	1.26282E+1
0.00000E+0	1.27050E+1
0.00000E+0	1.27812E+1
0.00000E+0	1.28509E+1
0.00000E+0	1.29230E+1
0.00000E+0	1.29912E+1
0.00000E+0	1.30634E+1
0.00000E+0	1.31393E+1
0.00000E+0	1.32119E+1
0.00000E+0	1.32888E+1
0.00000E+0	1.33594E+1
0.00000E+0	1.34367E+1
0.00000E+0	1.35112E+1
4.88281E-4	1.35817E+1
9.76562E-4	1.36456E+1
1.46484E-3	1.37169E+1
1.46484E-3	1.37969E+1
3.41797E-3	1.38738E+1
3.90625E-3	1.39493E+1
4.39453E-3	1.40274E+1
4.88281E-3	1.40993E+1
5.37109E-3	1.41729E+1
5.85937E-3	1.42467E+1
4.88281E-3	1.43167E+1
6.83594E-3	1.43922E+1
7.32422E-3	1.44644E+1
8.30078E-3	1.45371E+1
7.32422E-3	1.46122E+1
9.27734E-3	1.46847E+1
6.83594E-3	1.47518E+1
8.78906E-3	1.48233E+1
8.30078E-3	1.48971E+1
7.81250E-3	1.49706E+1
9.27734E-3	1.50458E+1
9.27734E-3	1.51175E+1
8.78906E-3	1.51965E+1
8.30078E-3	1.52667E+1
8.78906E-3	1.53297E+1
8.30078E-3	1.53947E+1
8.30078E-3	1.54640E+1
7.32422E-3	1.55350E+1
7.81250E-3	1.56059E+1
7.81250E-3	1.56782E+1
6.83594E-3	1.57526E+1
6.83594E-3	1.58195E+1
5.85937E-3	1.58884E+1
6.34766E-3	1.59655E+1
4.88281E-3	1.60418E+1
4.88281E-3	1.61119E+1
5.37109E-3	1.61864E+1
2.92969E-3	1.62609E+1
3.41797E-3	1.63403E+1
1.95312E-3	1.64159E+1
2.44141E-3	1.64908E+1
4.88281E-4	1.65629E+1
9.76562E-4	1.66322E+1
0.00000E+0	1.67050E+1
0.00000E+0	1.67831E+1
0.00000E+0	1.68563E+1
0.00000E+0	1.69223E+1
0.00000E+0	1.69930E+1
0.00000E+0	1.70696E+1
0.00000E+0	1.71433E+1
0.00000E+0	1.72093E+1
0.00000E+0	1.72816E+1
0.00000E+0	1.73522E+1
0.00000E+0	1.74266E+1
0.00000E+0	1.75009E+1
0.00000E+0	1.75723E+1
0.00000E+0	1.76474E+1
0.00000E+0	1.77185E+1
0.00000E+0	1.77924E+1
0.00000E+0	1.78647E+1
0.00000E+0	1.79359E+1
0.00000E+0	1.80030E+1
0.00000E+0	1.80737E+1
0.00000E+0	1.81480E+1
0.00000E+0	1.82183E+1
0.00000E+0	1.82954E+1
0.00000E+0	1.83682E+1
0.00000E+0	1.84374E+1
0.00000E+0	1.85128E+1
0.00000E+0	1.85839E+1
0.00000E+0	1.86553E+1
0.00000E+0	1.87287E+1
0.00000E+0	1.88061E+1
0.00000E+0	1.88823E+1
0.00000E+0	1.89559E+1
0.00000E+0	1.90309E+1
0.00000E+0	1.90982E+1
0.00000E+0	1.91683E+1
0.00000E+0	1.92415E+1
0.00000E+0	1.93106E+1
0.00000E+0	1.93897E+1
0.00000E+0	1.94608E+1
4.88281E-4	1.95320E+1
1.95312E-3	1.96062E+1
3.41797E-3	1.96844E+1
4.39453E-3	1.97561E+1
4.88281E-3	1.98295E+1
5.37109E-3	1.98998E+1
5.85937E-3	1.99744E+1
8.78906E-3	2.00476E+1
8.78906E-3	2.01198E+1
1.02539E-2	2.01857E+1
1.02539E-2	2.02562E+1
1.26953E-2	2.03317E+1
1.17187E-2	2.04051E+1
1.46484E-2	2.04776E+1
1.51367E-2	2.05495E+1
1.61133E-2	2.06242E+1
1.61133E-2	2.06941E+1
1.80664E-2	2.07622E+1
1.80664E-2	2.08357E+1
1.80664E-2	2.09092E+1
1.80664E-2	2.09835E+1
1.90430E-2	2.10578E+1
1.80664E-2	2.11314E+1
1.95312E-2	2.12046E+1
1.90430E-2	2.12695E+1
1.75781E-2	2.13405E+1
1.85547E-2	2.14199E+1
1.75781E-2	2.14964E+1
1.61133E-2	2.15730E+1
1.66016E-2	2.16500E+1
1.66016E-2	2.17213E+1
1.66016E-2	2.17921E+1
1.61133E-2	2.18640E+1
1.41602E-2	2.19386E+1
1.41602E-2	2.20066E+1
1.12305E-2	2.20828E+1
1.36719E-2	2.21551E+1
1.02539E-2	2.22259E+1
1.12305E-2	2.22943E+1
8.30078E-3	2.23583E+1
9.27734E-3	2.24318E+1
7.81250E-3	2.25080E+1
6.34766E-3	2.25811E+1
4.88281E-3	2.26552E+1
4.88281E-3	2.27234E+1
2.92969E-3	2.27967E+1
4.39453E-3	2.28731E+1
1.46484E-3	2.29493E+1
1.95312E-3	2.30230E+1
4.88281E-4	2.30941E+1
0.00000E+0	2.31685E+1
0.00000E+0	2.32378E+1
4.88281E-4	2.33084E+1
0.00000E+0	2.33828E+1
0.00000E+0	2.34486E+1
0.00000E+0	2.35214E+1
0.00000E+0	2.35913E+1
0.00000E+0	2.36603E+1
0.00000E+0	2.37266E+1
0.00000E+0	2.37936E+1
0.00000E+0	2.38665E+1
0.00000E+0	2.39435E+1
0.00000E+0	2.40181E+1
0.00000E+0	2.40943E+1
0.00000E+0	2.41719E+1
2.44141E-3	2.42450E+1
1.95312E-3	2.43200E+1
2.92969E-3	2.43948E+1
3.90625E-3	2.44681E+1
5.37109E-3	2.45343E+1
5.37109E-3	2.46048E+1
7.32422E-3	2.46789E+1
6.83594E-3	2.47523E+1
9.76562E-3	2.48253E+1
8.78906E-3	2.48978E+1
1.31836E-2	2.49749E+1
1.36719E-2	2.50422E+1
1.46484E-2	2.51132E+1
1.46484E-2	2.51868E+1
1.56250E-2	2.52620E+1
1.66016E-2	2.53347E+1
1.75781E-2	2.54052E+1
1.70898E-2	2.54809E+1
2.05078E-2	2.55541E+1
2.05078E-2	2.56199E+1
2.34375E-2	2.56912E+1
2.34375E-2	2.57656E+1
2.49023E-2	2.58365E+1
2.58789E-2	2.59070E+1
2.58789E-2	2.59812E+1
2.68555E-2	2.60494E+1
2.73437E-2	2.61225E+1
2.73437E-2	2.62000E+1
2.83203E-2	2.62710E+1
2.78320E-2	2.63443E+1
2.88086E-2	2.64175E+1
2.92969E-2	2.64937E+1
2.88086E-2	2.65664E+1
2.92969E-2	2.66413E+1
2.83203E-2	2.67115E+1
2.83203E-2	2.67848E+1
2.78320E-2	2.68524E+1
2.83203E-2	2.69237E+1
2.53906E-2	2.70003E+1
2.88086E-2	2.70755E+1
2.68555E-2	2.71456E+1
2.58789E-2	2.72185E+1
2.44141E-2	2.72917E+1
2.44141E-2	2.73583E+1
2.19727E-2	2.74295E+1
2.19727E-2	2.75033E+1
2.00195E-2	2.75756E+1
2.09961E-2	2.76461E+1
1.85547E-2	2.77214E+1
1.95312E-2	2.77951E+1
1.66016E-2	2.78634E+1
1.75781E-2	2.79404E+1
1.46484E-2	2.80126E+1
1.46484E-2	2.80831E+1
1.07422E-2	2.81580E+1
1.22070E-2	2.82331E+1
1.07422E-2	2.83051E+1
9.76562E-3	2.83750E+1
9.76562E-3	2.84474E+1
9.27734E-3	2.85199E+1
6.83594E-3	2.85901E+1
8.30078E-3	2.86624E+1
6.34766E-3	2.87326E+1
5.85937E-3	2.88064E+1
5.37109E-3	2.88783E+1
6.34766E-3	2.89451E+1
4.39453E-3	2.90196E+1
4.88281E-3	2.90946E+1
3.41797E-3	2.91711E+1
1.95312E-3	2.92469E+1
9.76562E-4	2.93223E+1
2.44141E-3	2.93900E+1
4.88281E-4	2.94607E+1
4.88281E-4	2.95348E+1
4.88281E-4	2.96069E+1
4.88281E-4	2.96812E+1
9.76562E-4	2.97540E+1
4.88281E-4	2.98255E+1
9.76562E-4	2.98956E+1
9.76562E-4	2.99682E+1
0.00000E+0	3.00367E+1
4.88281E-4	3.01072E+1
9.76562E-4	3.01828E+1
9.76562E-4	3.02585E+1
2.44141E-3	3.03294E+1
9.76562E-4	3.04000E+1
3.90625E-3	3.04745E+1
4.88281E-4	3.05499E+1
4.39453E-3	3.06204E+1
2.44141E-3	3.06947E+1
5.85937E-3	3.07614E+1
3.41797E-3	3.08331E+1
6.83594E-3	3.09038E+1
5.85937E-3	3.09730E+1
5.85937E-3	3.10470E+1
8.78906E-3	3.11171E+1
8.30078E-3	3.11881E+1
1.02539E-2	3.12645E+1
1.02539E-2	3.13364E+1
1.02539E-2	3.14055E+1
1.36719E-2	3.14774E+1
1.26953E-2	3.15515E+1
1.61133E-2	3.16223E+1
1.46484E-2	3.16923E+1
1.66016E-2	3.17673E+1
1.56250E-2	3.18372E+1
1.95312E-2	3.19002E+1
1.95312E-2	3.19652E+1
1.95312E-2	3.20313E+1
1.85547E-2	3.21011E+1
2.19727E-2	3.21678E+1
2.05078E-2	3.22336E+1
2.29492E-2	3.23018E+1
2.05078E-2	3.23753E+1
2.29492E-2	3.24469E+1
2.29492E-2	3.25190E+1
2.29492E-2	3.25915E+1
2.29492E-2	3.26676E+1
2.34375E-2	3.27418E+1
2.14844E-2	3.28136E+1
2.19727E-2	3.28901E+1
2.29492E-2	3.29617E+1
2.19727E-2	3.30270E+1
2.24609E-2	3.31016E+1
2.19727E-2	3.31730E+1
2.14844E-2	3.32454E+1
2.00195E-2	3.33113E+1
1.95312E-2	3.33866E+1
1.95312E-2	3.34583E+1
1.95312E-2	3.35238E+1
1.75781E-2	3.35987E+1
1.61133E-2	3.36743E+1
1.56250E-2	3.37472E+1
1.51367E-2	3.38209E+1
1.31836E-2	3.38936E+1
1.36719E-2	3.39711E+1
1.02539E-2	3.40445E+1
1.07422E-2	3.41218E+1
9.76562E-3	3.42013E+1
9.76562E-3	3.42802E+1
8.30078E-3	3.43482E+1
8.30078E-3	3.44167E+1
8.30078E-3	3.44960E+1
6.34766E-3	3.45743E+1
6.34766E-3	3.46504E+1
5.85937E-3	3.47223E+1
4.39453E-3	3.47938E+1
4.39453E-3	3.48728E+1
1.95312E-3	3.49471E+1
2.92969E-3	3.50176E+1
1.46484E-3	3.50939E+1
2.92969E-3	3.51673E+1
9.76562E-4	3.52387E+1
1.95312E-3	3.53155E+1
1.46484E-3	3.53896E+1
1.95312E-3	3.54592E+1
1.95312E-3	3.55294E+1
2.92969E-3	3.56015E+1
9.76562E-4	3.56758E+1
1.46484E-3	3.57490E+1
2.92969E-3	3.58194E+1
4.88281E-3	3.58937E+1
4.88281E-3	3.59733E+1
4.88281E-3	3.60436E+1
6.83594E-3	3.61187E+1
6.83594E-3	3.61901E+1
7.81250E-3	3.62588E+1
7.81250E-3	3.63353E+1
9.27734E-3	3.64105E+1
9.27734E-3	3.64815E+1
9.76562E-3	3.65485E+1
9.76562E-3	3.66194E+1
1.07422E-2	3.66941E+1
1.02539E-2	3.67675E+1
1.41602E-2	3.68440E+1
1.41602E-2	3.69196E+1
1.41602E-2	3.69908E+1
1.41602E-2	3.70632E+1
1.51367E-2	3.71336E+1
1.51367E-2	3.72027E+1
1.56250E-2	3.72666E+1
1.56250E-2	3.73305E+1
1.61133E-2	3.74017E+1
1.51367E-2	3.74757E+1
1.85547E-2	3.75442E+1
1.66016E-2	3.76142E+1
1.70898E-2	3.76819E+1
1.75781E-2	3.77541E+1
1.80664E-2	3.78290E+1
1.66016E-2	3.79033E+1
1.80664E-2	3.79797E+1
1.56250E-2	3.80510E+1
1.61133E-2	3.81252E+1
1.51367E-2	3.81993E+1
1.51367E-2	3.82733E+1
1.51367E-2	3.83444E+1
1.46484E-2	3.84159E+1
1.61133E-2	3.84870E+1
1.36719E-2	3.85563E+1
1.51367E-2	3.86268E+1
1.31836E-2	3.86960E+1
1.36719E-2	3.87658E+1
1.12305E-2	3.88392E+1
1.26953E-2	3.89102E+1
1.07422E-2	3.89841E+1
1.07422E-2	3.90629E+1
9.27734E-3	3.91412E+1
9.76562E-3	3.92146E+1
9.27734E-3	3.92889E+1
9.27734E-3	3.93655E+1
7.32422E-3	3.94444E+1
6.34766E-3	3.95175E+1
7.32422E-3	3.95909E+1
6.34766E-3	3.96611E+1
5.37109E-3	3.97321E+1
4.88281E-3	3.97964E+1
4.88281E-3	3.98663E+1
5.85937E-3	3.99420E+1
4.88281E-3	4.00179E+1
4.39453E-3	4.00887E+1
3.41797E-3	4.01554E+1
2.44141E-3	4.02194E+1
1.46484E-3	4.02858E+1
2.92969E-3	4.03545E+1
1.46484E-3	4.04303E+1
0.00000E+0	4.05020E+1
0.00000E+0	4.05711E+1
4.88281E-4	4.06457E+1
0.00000E+0	4.07170E+1
4.88281E-4	4.07846E+1
0.00000E+0	4.08503E+1
0.00000E+0	4.09199E+1
0.00000E+0	4.09894E+1
0.00000E+0	4.10607E+1
0.00000E+0	4.11340E+1
0.00000E+0	4.12131E+1
0.00000E+0	4.12865E+1
0.00000E+0	4.13585E+1
0.00000E+0	4.14381E+1
0.00000E+0	4.15141E+1
0.00000E+0	4.15862E+1
0.00000E+0	4.16574E+1
0.00000E+0	4.17290E+1
0.00000E+0	4.18030E+1
0.00000E+0	4.18788E+1
0.00000E+0	4.19431E+1
0.00000E+0	4.20155E+1
0.00000E+0	4.20898E+1
0.00000E+0	4.21630E+1
0.00000E+0	4.22386E+1
1.46484E-3	4.23116E+1
4.88281E-4	4.23805E+1
4.88281E-4	4.24564E+1
9.76562E-4	4.25354E+1
1.46484E-3	4.26070E+1
1.46484E-3	4.26806E+1
1.46484E-3	4.27498E+1
9.76562E-4	4.28249E+1
2.44141E-3	4.28973E+1
2.44141E-3	4.29694E+1
2.44141E-3	4.30373E+1
2.44141E-3	4.31076E+1
4.39453E-3	4.31825E+1
2.44141E-3	4.32542E+1
3.90625E-3	4.33223E+1
2.92969E-3	4.33924E+1
4.39453E-3	4.34701E+1
4.39453E-3	4.35413E+1
4.88281E-3	4.36089E+1
4.39453E-3	4.36832E+1
4.39453E-3	4.37586E+1
4.39453E-3	4.38322E+1
4.88281E-3	4.39020E+1
4.88281E-3	4.39794E+1
4.39453E-3	4.40530E+1
4.88281E-3	4.41220E+1
4.88281E-3	4.41903E+1
5.37109E-3	4.42686E+1
4.39453E-3	4.43405E+1
4.88281E-3	4.44126E+1
4.88281E-3	4.44879E+1
4.88281E-3	4.45645E+1
4.39453E-3	4.46400E+1
4.88281E-3	4.47155E+1
4.88281E-3	4.47874E+1
4.88281E-3	4.48630E+1
4.39453E-3	4.49366E+1
4.39453E-3	4.50139E+1
4.39453E-3	4.50874E+1
4.39453E-3	4.51610E+1
2.44141E-3	4.52290E+1
4.88281E-3	4.53018E+1
3.90625E-3	4.53778E+1
2.92969E-3	4.54522E+1
1.46484E-3	4.55317E+1
1.95312E-3	4.56045E+1
1.95312E-3	4.56837E+1
9.76562E-4	4.57587E+1
9.76562E-4	4.58321E+1
9.76562E-4	4.59070E+1
4.88281E-4	4.59791E+1
0.00000E+0	4.60538E+1
0.00000E+0	4.61242E+1
0.00000E+0	4.61897E+1
0.00000E+0	4.62581E+1
0.00000E+0	4.63256E+1
0.00000E+0	4.63988E+1
0.00000E+0	4.64730E+1
0.00000E+0	4.65436E+1
0.00000E+0	4.66131E+1
0.00000E+0	4.66826E+1
0.00000E+0	4.67524E+1
0.00000E+0	4.68213E+1
0.00000E+0	4.68922E+1
0.00000E+0	4.69672E+1
0.00000E+0	4.70427E+1
0.00000E+0	4.71152E+1
0.00000E+0	4.71897E+1
0.00000E+0	4.72609E+1
0.00000E+0	4.73288E+1
0.00000E+0	4.73947E+1
0.00000E+0	4.74670E+1
0.00000E+0	4.75360E+1
0.00000E+0	4.76056E+1
0.00000E+0	4.76801E+1
0.00000E+0	4.77461E+1
0.00000E+0	4.78190E+1
0.00000E+0	4.78900E+1
0.00000E+0	4.79649E+1
0.00000E+0	4.80376E+1
0.00000E+0	4.81093E+1
0.00000E+0	4.81794E+1
0.00000E+0	4.82518E+1
0.00000E+0	4.83259E+1
0.00000E+0	4.83970E+1
0.00000E+0	4.84619E+1
0.00000E+0	4.85269E+1
0.00000E+0	4.85930E+1
0.00000E+0	4.86613E+1
0.00000E+0	4.87315E+1
0.00000E+0	4.87978E+1
0.00000E+0	4.88669E+1
0.00000E+0	4.89332E+1
0.00000E+0	4.90071E+1
0.00000E+0	4.90791E+1
0.00000E+0	4.91519E+1
0.00000E+0	4.92229E+1
0.00000E+0	4.92954E+1
0.00000E+0	4.93662E+1
0.00000E+0	4.94385E+1
0.00000E+0	4.95096E+1
0.00000E+0	4.95749E+1
0.00000E+0	4.96460E+1
0.00000E+0	4.97191E+1
0.00000E+0	4.97930E+1
0.00000E+0	4.98681E+1
0.00000E+0	4.99412E+1
0.00000E+0	5.00124E+1
0.00000E+0	5.00788E+1
0.00000E+0	5.01535E+1
0.00000E+0	5.02300E+1
0.00000E+0	5.02985E+1
0.00000E+0	5.03707E+1
0.00000E+0	5.04446E+1
0.00000E+0	5.05175E+1
0.00000E+0	5.05919E+1
0.00000E+0	5.06569E+1
0.00000E+0	5.07284E+1
0.00000E+0	5.07928E+1
0.00000E+0	5.08640E+1
0.00000E+0	5.09314E+1
