0.00000E+0	2.47170E+0
0.00000E+0	2.47170E+0
0.00000E+0	2.47170E+0
0.00000E+0	2.47170E+0
0.00000E+0	2.47170E+0
0.00000E+0	2.47170E+0
0.00000E+0	2.47170E+0
0.00000E+0	2.54439E+0
0.00000E+0	2.62015E+0
0.00000E+0	2.69256E+0
0.00000E+0	2.76697E+0
0.00000E+0	2.83932E+0
0.00000E+0	2.91580E+0
0.00000E+0	2.98675E+0
0.00000E+0	3.05512E+0
0.00000E+0	3.13134E+0
0.00000E+0	3.20437E+0
0.00000E+0	3.27856E+0
0.00000E+0	3.34666E+0
0.00000E+0	3.41977E+0
0.00000E+0	3.49169E+0
0.00000E+0	3.56690E+0
0.00000E+0	3.64190E+0
0.00000E+0	3.71190E+0
0.00000E+0	3.78285E+0
0.00000E+0	3.85471E+0
0.00000E+0	3.92601E+0
0.00000E+0	3.99485E+0
0.00000E+0	4.06856E+0
0.00000E+0	4.14342E+0
0.00000E+0	4.21909E+0
0.00000E+0	4.29001E+0
0.00000E+0	4.36430E+0
0.00000E+0	4.43194E+0
0.00000E+0	4.50132E+0
0.00000E+0	4.57889E+0
0.00000E+0	4.65462E+0
0.00000E+0	4.72470E+0
0.00000E+0	4.79962E+0
0.00000E+0	4.87437E+0
0.00000E+0	4.95062E+0
0.00000E+0	5.02052E+0
0.00000E+0	5.08952E+0
0.00000E+0	5.16146E+0
0.00000E+0	5.22896E+0
0.00000E+0	5.30492E+0
0.00000E+0	5.38050E+0
0.00000E+0	5.45346E+0
0.00000E+0	5.52119E+0
0.00000E+0	5.58857E+0
0.00000E+0	5.66523E+0
0.00000E+0	5.73793E+0
0.00000E+0	5.81583E+0
0.00000E+0	5.89260E+0
0.00000E+0	5.96898E+0
0.00000E+0	6.03715E+0
0.00000E+0	6.11239E+0
0.00000E+0	6.18640E+0
0.00000E+0	6.26178E+0
0.00000E+0	6.32825E+0
0.00000E+0	6.40624E+0
0.00000E+0	6.48181E+0
0.00000E+0	6.55104E+0
0.00000E+0	6.61877E+0
0.00000E+0	6.68725E+0
0.00000E+0	6.76426E+0
0.00000E+0	6.83906E+0
0.00000E+0	6.91495E+0
0.00000E+0	6.98684E+0
0.00000E+0	7.05492E+0
0.00000E+0	7.12724E+0
0.00000E+0	7.19623E+0
0.00000E+0	7.27005E+0
0.00000E+0	7.34065E+0
0.00000E+0	7.41385E+0
0.00000E+0	7.48177E+0
0.00000E+0	7.54677E+0
0.00000E+0	7.61072E+0
4.88281E-4	7.67720E+0
4.88281E-4	7.74368E+0
0.00000E+0	7.81711E+0
9.76562E-4	7.89020E+0
1.46484E-3	7.96325E+0
3.90625E-3	8.03892E+0
3.90625E-3	8.10955E+0
3.90625E-3	8.18711E+0
4.88281E-3	8.26206E+0
3.41797E-3	8.33392E+0
4.88281E-3	8.40282E+0
4.88281E-3	8.47690E+0
5.37109E-3	8.55034E+0
3.90625E-3	8.61846E+0
4.88281E-3	8.69371E+0
5.37109E-3	8.76141E+0
5.37109E-3	8.83147E+0
4.88281E-3	8.90441E+0
5.37109E-3	8.97450E+0
4.88281E-3	9.04917E+0
4.88281E-3	9.11850E+0
5.37109E-3	9.19245E+0
3.41797E-3	9.26727E+0
4.88281E-3	9.33319E+0
1.95312E-3	9.41084E+0
4.88281E-3	9.48797E+0
3.90625E-3	9.56887E+0
4.39453E-3	9.64459E+0
2.92969E-3	9.71933E+0
2.44141E-3	9.79594E+0
1.46484E-3	9.86438E+0
9.76562E-4	9.93301E+0
1.46484E-3	1.00069E+1
0.00000E+0	1.00765E+1
4.88281E-4	1.01432E+1
4.88281E-4	1.02114E+1
0.00000E+0	1.02793E+1
0.00000E+0	1.03412E+1
0.00000E+0	1.04084E+1
0.00000E+0	1.04716E+1
0.00000E+0	1.05383E+1
0.00000E+0	1.06039E+1
0.00000E+0	1.06720E+1
0.00000E+0	1.07504E+1
0.00000E+0	1.08243E+1
0.00000E+0	1.08941E+1
0.00000E+0	1.09620E+1
0.00000E+0	1.10334E+1
0.00000E+0	1.11044E+1
0.00000E+0	1.11765E+1
0.00000E+0	1.12471E+1
0.00000E+0	1.13237E+1
0.00000E+0	1.13939E+1
0.00000E+0	1.14691E+1
0.00000E+0	1.15442E+1
0.00000E+0	1.16205E+1
0.00000E+0	1.16937E+1
0.00000E+0	1.17707E+1
0.00000E+0	1.18430E+1
0.00000E+0	1.19173E+1
0.00000E+0	1.19906E+1
0.00000E+0	1.20561E+1
0.00000E+0	1.21257E+1
0.00000E+0	1.22045E+1
4.88281E-4	1.22809E+1
4.88281E-4	1.23544E+1
1.95312E-3	1.24250E+1
4.88281E-4	1.25045E+1
5.37109E-3	1.25796E+1
2.44141E-3	1.26530E+1
6.34766E-3	1.27258E+1
4.88281E-3	1.27986E+1
7.81250E-3	1.28703E+1
6.34766E-3	1.29392E+1
1.02539E-2	1.30122E+1
1.07422E-2	1.30851E+1
1.02539E-2	1.31537E+1
1.31836E-2	1.32212E+1
1.51367E-2	1.32966E+1
1.46484E-2	1.33734E+1
1.56250E-2	1.34502E+1
1.51367E-2	1.35231E+1
1.61133E-2	1.35977E+1
1.80664E-2	1.36707E+1
1.95312E-2	1.37467E+1
2.00195E-2	1.38181E+1
2.09961E-2	1.38833E+1
2.09961E-2	1.39566E+1
2.14844E-2	1.40273E+1
2.05078E-2	1.41033E+1
2.00195E-2	1.41778E+1
2.09961E-2	1.42437E+1
2.19727E-2	1.43146E+1
2.24609E-2	1.43898E+1
2.19727E-2	1.44605E+1
2.39258E-2	1.45311E+1
2.44141E-2	1.46060E+1
2.44141E-2	1.46779E+1
2.58789E-2	1.47555E+1
2.53906E-2	1.48266E+1
2.68555E-2	1.48995E+1
2.53906E-2	1.49728E+1
2.58789E-2	1.50444E+1
2.63672E-2	1.51170E+1
2.58789E-2	1.51875E+1
2.49023E-2	1.52584E+1
2.39258E-2	1.53314E+1
2.29492E-2	1.53999E+1
2.39258E-2	1.54686E+1
2.39258E-2	1.55429E+1
2.29492E-2	1.56202E+1
2.24609E-2	1.56957E+1
2.05078E-2	1.57662E+1
2.29492E-2	1.58302E+1
2.09961E-2	1.58952E+1
1.95312E-2	1.59633E+1
1.95312E-2	1.60331E+1
1.90430E-2	1.61084E+1
1.85547E-2	1.61766E+1
1.85547E-2	1.62497E+1
1.70898E-2	1.63287E+1
1.46484E-2	1.64044E+1
1.31836E-2	1.64707E+1
1.31836E-2	1.65477E+1
1.17187E-2	1.66202E+1
1.17187E-2	1.66944E+1
1.12305E-2	1.67657E+1
1.17187E-2	1.68385E+1
9.76562E-3	1.69086E+1
9.27734E-3	1.69803E+1
5.85937E-3	1.70561E+1
8.30078E-3	1.71255E+1
5.85937E-3	1.71960E+1
5.85937E-3	1.72688E+1
5.37109E-3	1.73414E+1
4.88281E-3	1.74161E+1
5.37109E-3	1.74900E+1
5.85937E-3	1.75554E+1
4.88281E-3	1.76322E+1
5.37109E-3	1.77031E+1
4.88281E-3	1.77722E+1
5.37109E-3	1.78492E+1
5.85937E-3	1.79225E+1
5.37109E-3	1.79933E+1
6.83594E-3	1.80647E+1
8.30078E-3	1.81353E+1
1.07422E-2	1.82096E+1
1.12305E-2	1.82797E+1
1.12305E-2	1.83526E+1
1.12305E-2	1.84229E+1
1.41602E-2	1.84957E+1
1.51367E-2	1.85683E+1
1.90430E-2	1.86353E+1
1.95312E-2	1.87022E+1
2.29492E-2	1.87735E+1
2.44141E-2	1.88460E+1
2.63672E-2	1.89187E+1
2.73437E-2	1.89879E+1
2.88086E-2	1.90562E+1
2.88086E-2	1.91291E+1
3.17383E-2	1.92011E+1
3.27148E-2	1.92723E+1
3.61328E-2	1.93467E+1
3.66211E-2	1.94223E+1
3.95508E-2	1.94947E+1
3.90625E-2	1.95672E+1
4.34570E-2	1.96408E+1
4.39453E-2	1.97097E+1
4.88281E-2	1.97780E+1
4.73633E-2	1.98484E+1
5.02930E-2	1.99204E+1
5.12695E-2	1.99926E+1
5.22461E-2	2.00622E+1
5.27344E-2	2.01354E+1
5.37109E-2	2.02069E+1
5.37109E-2	2.02776E+1
5.51758E-2	2.03503E+1
5.51758E-2	2.04260E+1
5.41992E-2	2.04978E+1
5.61523E-2	2.05716E+1
5.56641E-2	2.06471E+1
5.46875E-2	2.07223E+1
5.51758E-2	2.07941E+1
5.37109E-2	2.08671E+1
5.22461E-2	2.09421E+1
5.37109E-2	2.10174E+1
5.02930E-2	2.10945E+1
5.12695E-2	2.11654E+1
4.93164E-2	2.12371E+1
4.88281E-2	2.13060E+1
4.63867E-2	2.13850E+1
4.78516E-2	2.14567E+1
4.34570E-2	2.15291E+1
4.39453E-2	2.15998E+1
4.00391E-2	2.16728E+1
4.15039E-2	2.17496E+1
3.90625E-2	2.18186E+1
3.80859E-2	2.18855E+1
3.66211E-2	2.19564E+1
3.56445E-2	2.20259E+1
3.46680E-2	2.20949E+1
3.32031E-2	2.21680E+1
2.92969E-2	2.22421E+1
2.97852E-2	2.23138E+1
2.92969E-2	2.23884E+1
2.92969E-2	2.24663E+1
2.78320E-2	2.25393E+1
2.63672E-2	2.26115E+1
2.44141E-2	2.26816E+1
2.39258E-2	2.27513E+1
2.44141E-2	2.28186E+1
2.39258E-2	2.28935E+1
2.34375E-2	2.29606E+1
2.34375E-2	2.30277E+1
2.39258E-2	2.31049E+1
2.39258E-2	2.31791E+1
2.44141E-2	2.32572E+1
2.49023E-2	2.33253E+1
2.63672E-2	2.33923E+1
2.49023E-2	2.34720E+1
2.88086E-2	2.35505E+1
2.83203E-2	2.36215E+1
3.07617E-2	2.36958E+1
3.02734E-2	2.37734E+1
3.56445E-2	2.38456E+1
3.46680E-2	2.39214E+1
3.90625E-2	2.39946E+1
3.95508E-2	2.40615E+1
4.29687E-2	2.41245E+1
4.29687E-2	2.41917E+1
4.78516E-2	2.42596E+1
4.68750E-2	2.43285E+1
5.32227E-2	2.43999E+1
5.32227E-2	2.44730E+1
5.71289E-2	2.45480E+1
5.56641E-2	2.46289E+1
5.90820E-2	2.47024E+1
5.90820E-2	2.47741E+1
6.39648E-2	2.48437E+1
6.44531E-2	2.49187E+1
6.78711E-2	2.49920E+1
6.78711E-2	2.50675E+1
7.32422E-2	2.51335E+1
7.37305E-2	2.52018E+1
7.71484E-2	2.52740E+1
7.71484E-2	2.53442E+1
7.95898E-2	2.54144E+1
7.86133E-2	2.54864E+1
8.15430E-2	2.55532E+1
8.15430E-2	2.56254E+1
8.25195E-2	2.56968E+1
8.25195E-2	2.57672E+1
8.30078E-2	2.58402E+1
8.34961E-2	2.59150E+1
8.39844E-2	2.59870E+1
8.34961E-2	2.60609E+1
8.30078E-2	2.61356E+1
8.34961E-2	2.62073E+1
8.44727E-2	2.62754E+1
8.39844E-2	2.63485E+1
8.30078E-2	2.64209E+1
8.15430E-2	2.64946E+1
7.95898E-2	2.65710E+1
8.00781E-2	2.66430E+1
7.81250E-2	2.67145E+1
7.81250E-2	2.67852E+1
7.61719E-2	2.68600E+1
7.56836E-2	2.69320E+1
7.37305E-2	2.70059E+1
7.47070E-2	2.70773E+1
6.98242E-2	2.71505E+1
7.17773E-2	2.72227E+1
6.64062E-2	2.72971E+1
6.78711E-2	2.73634E+1
6.44531E-2	2.74392E+1
6.29883E-2	2.75144E+1
5.95703E-2	2.75894E+1
6.00586E-2	2.76587E+1
5.51758E-2	2.77319E+1
5.61523E-2	2.78045E+1
5.02930E-2	2.78755E+1
5.32227E-2	2.79460E+1
4.98047E-2	2.80176E+1
5.02930E-2	2.80867E+1
4.78516E-2	2.81575E+1
4.68750E-2	2.82315E+1
4.58984E-2	2.83048E+1
4.39453E-2	2.83778E+1
4.19922E-2	2.84433E+1
4.34570E-2	2.85175E+1
4.05273E-2	2.85944E+1
3.90625E-2	2.86628E+1
3.90625E-2	2.87344E+1
3.90625E-2	2.88062E+1
3.66211E-2	2.88784E+1
3.71094E-2	2.89489E+1
3.41797E-2	2.90165E+1
3.41797E-2	2.90916E+1
3.46680E-2	2.91608E+1
3.41797E-2	2.92340E+1
3.56445E-2	2.93096E+1
3.46680E-2	2.93830E+1
3.51562E-2	2.94497E+1
3.41797E-2	2.95155E+1
3.75977E-2	2.95853E+1
3.80859E-2	2.96578E+1
3.95508E-2	2.97317E+1
3.85742E-2	2.98070E+1
4.29687E-2	2.98826E+1
4.19922E-2	2.99522E+1
4.39453E-2	3.00284E+1
4.39453E-2	3.01046E+1
4.49219E-2	3.01787E+1
4.49219E-2	3.02552E+1
4.88281E-2	3.03259E+1
4.78516E-2	3.03983E+1
5.07812E-2	3.04693E+1
5.17578E-2	3.05423E+1
5.56641E-2	3.06082E+1
5.41992E-2	3.06808E+1
6.00586E-2	3.07587E+1
5.90820E-2	3.08366E+1
6.34766E-2	3.09096E+1
6.29883E-2	3.09838E+1
6.68945E-2	3.10610E+1
6.83594E-2	3.11336E+1
6.93359E-2	3.12074E+1
6.88477E-2	3.12820E+1
7.08008E-2	3.13523E+1
7.32422E-2	3.14247E+1
7.42187E-2	3.14970E+1
7.32422E-2	3.15696E+1
7.66602E-2	3.16416E+1
7.61719E-2	3.17069E+1
7.51953E-2	3.17787E+1
7.56836E-2	3.18573E+1
7.61719E-2	3.19301E+1
7.56836E-2	3.19979E+1
7.66602E-2	3.20692E+1
7.56836E-2	3.21363E+1
7.37305E-2	3.22062E+1
7.37305E-2	3.22835E+1
7.27539E-2	3.23479E+1
7.32422E-2	3.24159E+1
6.98242E-2	3.24840E+1
6.98242E-2	3.25497E+1
6.88477E-2	3.26250E+1
7.03125E-2	3.26970E+1
6.49414E-2	3.27665E+1
6.59180E-2	3.28369E+1
6.34766E-2	3.29106E+1
6.20117E-2	3.29799E+1
5.90820E-2	3.30554E+1
5.85937E-2	3.31311E+1
5.51758E-2	3.32050E+1
5.66406E-2	3.32760E+1
5.37109E-2	3.33544E+1
5.32227E-2	3.34287E+1
4.93164E-2	3.35000E+1
4.93164E-2	3.35738E+1
4.63867E-2	3.36491E+1
4.63867E-2	3.37196E+1
4.39453E-2	3.37906E+1
4.44336E-2	3.38589E+1
4.29687E-2	3.39325E+1
4.29687E-2	3.40085E+1
3.95508E-2	3.40806E+1
4.00391E-2	3.41538E+1
3.90625E-2	3.42266E+1
3.90625E-2	3.42966E+1
3.85742E-2	3.43691E+1
3.85742E-2	3.44401E+1
3.80859E-2	3.45100E+1
3.85742E-2	3.45897E+1
3.85742E-2	3.46642E+1
3.85742E-2	3.47371E+1
3.90625E-2	3.48053E+1
3.95508E-2	3.48781E+1
3.95508E-2	3.49442E+1
3.90625E-2	3.50140E+1
4.24805E-2	3.50863E+1
4.34570E-2	3.51602E+1
4.54102E-2	3.52357E+1
4.44336E-2	3.53056E+1
4.68750E-2	3.53819E+1
4.68750E-2	3.54514E+1
4.88281E-2	3.55184E+1
4.98047E-2	3.55877E+1
5.22461E-2	3.56574E+1
5.02930E-2	3.57260E+1
5.46875E-2	3.57910E+1
5.37109E-2	3.58584E+1
5.66406E-2	3.59322E+1
5.51758E-2	3.60023E+1
5.81055E-2	3.60648E+1
5.81055E-2	3.61423E+1
5.85937E-2	3.62173E+1
5.85937E-2	3.62868E+1
6.05469E-2	3.63612E+1
6.15234E-2	3.64354E+1
6.29883E-2	3.65078E+1
6.34766E-2	3.65796E+1
6.29883E-2	3.66533E+1
6.39648E-2	3.67298E+1
6.39648E-2	3.68000E+1
6.39648E-2	3.68700E+1
6.44531E-2	3.69407E+1
6.59180E-2	3.70120E+1
6.49414E-2	3.70786E+1
6.44531E-2	3.71487E+1
6.44531E-2	3.72169E+1
6.54297E-2	3.72854E+1
6.39648E-2	3.73608E+1
6.39648E-2	3.74398E+1
6.44531E-2	3.75134E+1
6.39648E-2	3.75883E+1
6.39648E-2	3.76627E+1
6.44531E-2	3.77359E+1
6.20117E-2	3.78026E+1
6.29883E-2	3.78706E+1
5.95703E-2	3.79453E+1
6.15234E-2	3.80177E+1
5.85937E-2	3.80883E+1
5.90820E-2	3.81521E+1
5.71289E-2	3.82178E+1
5.66406E-2	3.82912E+1
5.41992E-2	3.83620E+1
5.41992E-2	3.84348E+1
5.02930E-2	3.85106E+1
4.98047E-2	3.85872E+1
4.88281E-2	3.86598E+1
4.58984E-2	3.87354E+1
4.44336E-2	3.88090E+1
4.39453E-2	3.88810E+1
4.19922E-2	3.89556E+1
4.29687E-2	3.90324E+1
3.95508E-2	3.91013E+1
3.90625E-2	3.91755E+1
3.85742E-2	3.92495E+1
3.80859E-2	3.93185E+1
3.75977E-2	3.93888E+1
3.56445E-2	3.94620E+1
3.41797E-2	3.95378E+1
3.41797E-2	3.96120E+1
3.36914E-2	3.96859E+1
3.36914E-2	3.97598E+1
3.17383E-2	3.98311E+1
3.41797E-2	3.99026E+1
3.12500E-2	3.99783E+1
3.12500E-2	4.00527E+1
3.02734E-2	4.01252E+1
3.17383E-2	4.02028E+1
3.17383E-2	4.02767E+1
3.12500E-2	4.03475E+1
3.17383E-2	4.04168E+1
3.22266E-2	4.04896E+1
3.27148E-2	4.05639E+1
3.32031E-2	4.06276E+1
3.22266E-2	4.06926E+1
3.12500E-2	4.07578E+1
3.27148E-2	4.08278E+1
3.32031E-2	4.09038E+1
3.41797E-2	4.09762E+1
3.41797E-2	4.10502E+1
3.32031E-2	4.11230E+1
3.36914E-2	4.11981E+1
3.41797E-2	4.12752E+1
3.51562E-2	4.13534E+1
3.41797E-2	4.14243E+1
3.41797E-2	4.14896E+1
3.61328E-2	4.15685E+1
3.46680E-2	4.16418E+1
3.41797E-2	4.17143E+1
3.51562E-2	4.17954E+1
3.56445E-2	4.18688E+1
3.61328E-2	4.19383E+1
3.61328E-2	4.20076E+1
3.75977E-2	4.20809E+1
3.80859E-2	4.21497E+1
3.66211E-2	4.22222E+1
3.80859E-2	4.22920E+1
3.71094E-2	4.23670E+1
3.71094E-2	4.24373E+1
3.80859E-2	4.25130E+1
3.90625E-2	4.25780E+1
3.80859E-2	4.26495E+1
3.85742E-2	4.27245E+1
3.71094E-2	4.27973E+1
3.75977E-2	4.28702E+1
3.66211E-2	4.29407E+1
3.80859E-2	4.30149E+1
3.75977E-2	4.30879E+1
3.90625E-2	4.31571E+1
3.90625E-2	4.32275E+1
3.75977E-2	4.33020E+1
3.85742E-2	4.33779E+1
3.85742E-2	4.34520E+1
3.61328E-2	4.35229E+1
3.75977E-2	4.35985E+1
3.75977E-2	4.36673E+1
3.75977E-2	4.37356E+1
3.66211E-2	4.38123E+1
3.61328E-2	4.38830E+1
3.66211E-2	4.39529E+1
3.46680E-2	4.40280E+1
3.51562E-2	4.41035E+1
3.41797E-2	4.41785E+1
3.36914E-2	4.42534E+1
3.36914E-2	4.43265E+1
3.36914E-2	4.43973E+1
3.32031E-2	4.44631E+1
3.17383E-2	4.45389E+1
2.97852E-2	4.46145E+1
3.02734E-2	4.46874E+1
2.97852E-2	4.47502E+1
2.97852E-2	4.48247E+1
2.88086E-2	4.49005E+1
2.92969E-2	4.49731E+1
2.63672E-2	4.50494E+1
2.73437E-2	4.51244E+1
2.53906E-2	4.51955E+1
2.58789E-2	4.52696E+1
2.44141E-2	4.53444E+1
2.34375E-2	4.54174E+1
2.39258E-2	4.54864E+1
2.44141E-2	4.55594E+1
2.34375E-2	4.56327E+1
2.05078E-2	4.57040E+1
2.09961E-2	4.57770E+1
2.00195E-2	4.58450E+1
1.95312E-2	4.59085E+1
1.95312E-2	4.59807E+1
1.85547E-2	4.60555E+1
1.95312E-2	4.61325E+1
1.95312E-2	4.62075E+1
1.90430E-2	4.62829E+1
1.70898E-2	4.63518E+1
1.85547E-2	4.64221E+1
1.75781E-2	4.64918E+1
1.80664E-2	4.65651E+1
1.66016E-2	4.66379E+1
1.75781E-2	4.67072E+1
1.61133E-2	4.67798E+1
1.61133E-2	4.68583E+1
1.66016E-2	4.69291E+1
1.66016E-2	4.70043E+1
1.46484E-2	4.70778E+1
1.56250E-2	4.71516E+1
1.51367E-2	4.72277E+1
1.51367E-2	4.73005E+1
1.46484E-2	4.73738E+1
1.51367E-2	4.74470E+1
1.46484E-2	4.75201E+1
1.46484E-2	4.75932E+1
1.36719E-2	4.76675E+1
1.46484E-2	4.77453E+1
1.46484E-2	4.78193E+1
1.51367E-2	4.78939E+1
1.51367E-2	4.79667E+1
1.51367E-2	4.80300E+1
1.51367E-2	4.80992E+1
1.46484E-2	4.81749E+1
1.51367E-2	4.82492E+1
1.46484E-2	4.83197E+1
1.46484E-2	4.83918E+1
1.51367E-2	4.84650E+1
1.46484E-2	4.85361E+1
1.46484E-2	4.86088E+1
1.41602E-2	4.86842E+1
1.46484E-2	4.87554E+1
1.46484E-2	4.88313E+1
1.46484E-2	4.89051E+1
1.46484E-2	4.89681E+1
1.46484E-2	4.90312E+1
1.51367E-2	4.90981E+1
1.51367E-2	4.91641E+1
1.51367E-2	4.92374E+1
1.46484E-2	4.93095E+1
1.51367E-2	4.93799E+1
1.41602E-2	4.94530E+1
1.51367E-2	4.95259E+1
1.46484E-2	4.95973E+1
1.51367E-2	4.96675E+1
1.56250E-2	4.97406E+1
1.46484E-2	4.98115E+1
1.46484E-2	4.98852E+1
1.41602E-2	4.99582E+1
1.46484E-2	5.00262E+1
1.51367E-2	5.01016E+1
1.46484E-2	5.01779E+1
1.56250E-2	5.02453E+1
1.41602E-2	5.03203E+1
1.46484E-2	5.03952E+1
1.46484E-2	5.04687E+1
1.36719E-2	5.05403E+1
1.41602E-2	5.06109E+1
1.17187E-2	5.06877E+1
1.17187E-2	5.07594E+1
1.07422E-2	5.08253E+1
1.22070E-2	5.08976E+1
1.02539E-2	5.09691E+1
1.02539E-2	5.10384E+1
1.07422E-2	5.11083E+1
1.02539E-2	5.11821E+1
1.12305E-2	5.12540E+1
1.02539E-2	5.13185E+1
1.02539E-2	5.13914E+1
8.30078E-3	5.14630E+1
8.30078E-3	5.15400E+1
5.85937E-3	5.16180E+1
5.85937E-3	5.16962E+1
5.37109E-3	5.17688E+1
6.34766E-3	5.18469E+1
6.34766E-3	5.19207E+1
6.34766E-3	5.19898E+1
6.83594E-3	5.20586E+1
5.85937E-3	5.21301E+1
6.34766E-3	5.21983E+1
6.34766E-3	5.22665E+1
4.88281E-3	5.23371E+1
5.37109E-3	5.24051E+1
4.39453E-3	5.24801E+1
4.39453E-3	5.25468E+1
4.39453E-3	5.26184E+1
2.92969E-3	5.26950E+1
3.90625E-3	5.27669E+1
2.92969E-3	5.28408E+1
3.90625E-3	5.29148E+1
4.88281E-4	5.29873E+1
3.41797E-3	5.30541E+1
4.88281E-4	5.31246E+1
4.88281E-4	5.31987E+1
4.88281E-4	5.32752E+1
9.76562E-4	5.33457E+1
0.00000E+0	5.34171E+1
0.00000E+0	5.34857E+1
0.00000E+0	5.35588E+1
0.00000E+0	5.36310E+1
0.00000E+0	5.37081E+1
0.00000E+0	5.37849E+1
0.00000E+0	5.38588E+1
0.00000E+0	5.39318E+1
0.00000E+0	5.40069E+1
0.00000E+0	5.40794E+1
0.00000E+0	5.41537E+1
0.00000E+0	5.42277E+1
0.00000E+0	5.43020E+1
0.00000E+0	5.43715E+1
0.00000E+0	5.44456E+1
0.00000E+0	5.45211E+1
0.00000E+0	5.45891E+1
0.00000E+0	5.46615E+1
0.00000E+0	5.47362E+1
0.00000E+0	5.48101E+1
0.00000E+0	5.48811E+1
0.00000E+0	5.49527E+1
0.00000E+0	5.50297E+1
0.00000E+0	5.51009E+1
0.00000E+0	5.51764E+1
0.00000E+0	5.52489E+1
0.00000E+0	5.53270E+1
0.00000E+0	5.53991E+1
0.00000E+0	5.54695E+1
0.00000E+0	5.55374E+1
0.00000E+0	5.56093E+1
0.00000E+0	5.56758E+1
0.00000E+0	5.57488E+1
0.00000E+0	5.58239E+1
0.00000E+0	5.58908E+1
0.00000E+0	5.59627E+1
0.00000E+0	5.60359E+1
0.00000E+0	5.61031E+1
0.00000E+0	5.61727E+1
0.00000E+0	5.62527E+1
0.00000E+0	5.63228E+1
0.00000E+0	5.63947E+1
0.00000E+0	5.64670E+1
0.00000E+0	5.65430E+1
0.00000E+0	5.66129E+1
0.00000E+0	5.66817E+1
4.88281E-4	5.67504E+1
0.00000E+0	5.68217E+1
0.00000E+0	5.68877E+1
0.00000E+0	5.69550E+1
0.00000E+0	5.70245E+1
0.00000E+0	5.70945E+1
0.00000E+0	5.71623E+1
0.00000E+0	5.72303E+1
0.00000E+0	5.72943E+1
0.00000E+0	5.73613E+1
0.00000E+0	5.74306E+1
0.00000E+0	5.74993E+1
0.00000E+0	5.75727E+1
0.00000E+0	5.76474E+1
0.00000E+0	5.77232E+1
0.00000E+0	5.77983E+1
0.00000E+0	5.78679E+1
0.00000E+0	5.79392E+1
0.00000E+0	5.80175E+1
0.00000E+0	5.80921E+1
0.00000E+0	5.81606E+1
0.00000E+0	5.82300E+1
0.00000E+0	5.83035E+1
0.00000E+0	5.83799E+1
0.00000E+0	5.84510E+1
0.00000E+0	5.85240E+1
0.00000E+0	5.85983E+1
0.00000E+0	5.86633E+1
0.00000E+0	5.87368E+1
0.00000E+0	5.88084E+1
0.00000E+0	5.88784E+1
0.00000E+0	5.89456E+1
0.00000E+0	5.90178E+1
0.00000E+0	5.90916E+1
0.00000E+0	5.91636E+1
0.00000E+0	5.92445E+1
0.00000E+0	5.93171E+1
0.00000E+0	5.93893E+1
0.00000E+0	5.94626E+1
0.00000E+0	5.95377E+1
0.00000E+0	5.96133E+1
0.00000E+0	5.96814E+1
0.00000E+0	5.97553E+1
0.00000E+0	5.98298E+1
0.00000E+0	5.99019E+1
0.00000E+0	5.99688E+1
0.00000E+0	6.00397E+1
0.00000E+0	6.01117E+1
0.00000E+0	6.01821E+1
0.00000E+0	6.02587E+1
0.00000E+0	6.03372E+1
0.00000E+0	6.04143E+1
0.00000E+0	6.04884E+1
0.00000E+0	6.05622E+1
0.00000E+0	6.06347E+1
0.00000E+0	6.07045E+1
0.00000E+0	6.07747E+1
0.00000E+0	6.08497E+1
0.00000E+0	6.09210E+1
0.00000E+0	6.09926E+1
0.00000E+0	6.10596E+1
0.00000E+0	6.11298E+1
0.00000E+0	6.11980E+1
0.00000E+0	6.12729E+1
0.00000E+0	6.13482E+1
0.00000E+0	6.14217E+1
0.00000E+0	6.14942E+1
0.00000E+0	6.15696E+1
0.00000E+0	6.16428E+1
0.00000E+0	6.17117E+1
0.00000E+0	6.17868E+1
0.00000E+0	6.18603E+1
0.00000E+0	6.19353E+1
0.00000E+0	6.20027E+1
0.00000E+0	6.20753E+1
0.00000E+0	6.21446E+1
0.00000E+0	6.22112E+1
0.00000E+0	6.22884E+1
0.00000E+0	6.23614E+1
0.00000E+0	6.24306E+1
0.00000E+0	6.25024E+1
0.00000E+0	6.25784E+1
0.00000E+0	6.26544E+1
0.00000E+0	6.27222E+1
0.00000E+0	6.27956E+1
0.00000E+0	6.28657E+1
0.00000E+0	6.29402E+1
0.00000E+0	6.30088E+1
0.00000E+0	6.30804E+1
0.00000E+0	6.31557E+1
0.00000E+0	6.32250E+1
0.00000E+0	6.32920E+1
0.00000E+0	6.33693E+1
0.00000E+0	6.34420E+1
0.00000E+0	6.35100E+1
0.00000E+0	6.35849E+1
0.00000E+0	6.36557E+1
