1.02539E-2	1.89691E+0
0.00000E+0	1.96919E+0
0.00000E+0	2.03889E+0
0.00000E+0	2.10417E+0
0.00000E+0	2.17880E+0
0.00000E+0	2.24835E+0
0.00000E+0	2.32404E+0
0.00000E+0	2.40362E+0
0.00000E+0	2.47765E+0
0.00000E+0	2.55050E+0
0.00000E+0	2.62497E+0
0.00000E+0	2.69648E+0
0.00000E+0	2.76612E+0
0.00000E+0	2.83661E+0
0.00000E+0	2.91341E+0
0.00000E+0	2.98919E+0
0.00000E+0	3.06291E+0
0.00000E+0	3.13062E+0
0.00000E+0	3.19772E+0
0.00000E+0	3.26638E+0
0.00000E+0	3.34091E+0
0.00000E+0	3.41349E+0
0.00000E+0	3.48576E+0
0.00000E+0	3.55615E+0
0.00000E+0	3.63113E+0
0.00000E+0	3.70651E+0
0.00000E+0	3.77626E+0
0.00000E+0	3.84530E+0
0.00000E+0	3.92004E+0
0.00000E+0	3.99570E+0
0.00000E+0	4.06955E+0
0.00000E+0	4.14356E+0
0.00000E+0	4.21711E+0
0.00000E+0	4.28543E+0
0.00000E+0	4.36392E+0
0.00000E+0	4.43976E+0
0.00000E+0	4.51181E+0
0.00000E+0	4.58074E+0
0.00000E+0	4.65414E+0
0.00000E+0	4.72876E+0
0.00000E+0	4.80038E+0
0.00000E+0	4.87348E+0
0.00000E+0	4.94763E+0
0.00000E+0	5.01228E+0
0.00000E+0	5.08487E+0
0.00000E+0	5.16045E+0
0.00000E+0	5.23577E+0
0.00000E+0	5.30182E+0
0.00000E+0	5.36849E+0
0.00000E+0	5.43817E+0
0.00000E+0	5.51242E+0
0.00000E+0	5.58311E+0
0.00000E+0	5.65895E+0
0.00000E+0	5.73832E+0
0.00000E+0	5.81162E+0
0.00000E+0	5.88720E+0
0.00000E+0	5.96846E+0
0.00000E+0	6.04290E+0
0.00000E+0	6.11295E+0
0.00000E+0	6.18549E+0
0.00000E+0	6.25538E+0
0.00000E+0	6.32532E+0
0.00000E+0	6.39531E+0
0.00000E+0	6.46664E+0
0.00000E+0	6.53566E+0
0.00000E+0	6.60768E+0
0.00000E+0	6.68501E+0
0.00000E+0	6.76025E+0
0.00000E+0	6.83300E+0
0.00000E+0	6.90561E+0
0.00000E+0	6.97548E+0
0.00000E+0	7.04748E+0
0.00000E+0	7.12242E+0
0.00000E+0	7.19949E+0
0.00000E+0	7.27358E+0
0.00000E+0	7.34154E+0
0.00000E+0	7.41865E+0
0.00000E+0	7.48954E+0
0.00000E+0	7.55454E+0
0.00000E+0	7.61960E+0
0.00000E+0	7.68460E+0
0.00000E+0	7.75454E+0
0.00000E+0	7.82421E+0
0.00000E+0	7.90265E+0
0.00000E+0	7.97621E+0
0.00000E+0	8.04826E+0
0.00000E+0	8.11861E+0
0.00000E+0	8.19143E+0
0.00000E+0	8.26788E+0
0.00000E+0	8.34108E+0
0.00000E+0	8.41382E+0
0.00000E+0	8.49400E+0
0.00000E+0	8.56967E+0
0.00000E+0	8.63798E+0
0.00000E+0	8.71183E+0
0.00000E+0	8.78771E+0
0.00000E+0	8.86060E+0
0.00000E+0	8.93386E+0
0.00000E+0	9.01021E+0
0.00000E+0	9.08318E+0
0.00000E+0	9.15293E+0
0.00000E+0	9.22727E+0
0.00000E+0	9.30239E+0
0.00000E+0	9.37555E+0
0.00000E+0	9.44567E+0
0.00000E+0	9.52148E+0
0.00000E+0	9.59854E+0
0.00000E+0	9.66846E+0
0.00000E+0	9.73172E+0
0.00000E+0	9.80727E+0
0.00000E+0	9.87666E+0
0.00000E+0	9.95028E+0
0.00000E+0	1.00239E+1
0.00000E+0	1.00938E+1
0.00000E+0	1.01656E+1
0.00000E+0	1.02388E+1
0.00000E+0	1.03177E+1
0.00000E+0	1.03878E+1
0.00000E+0	1.04621E+1
0.00000E+0	1.05375E+1
0.00000E+0	1.06101E+1
0.00000E+0	1.06832E+1
0.00000E+0	1.07564E+1
0.00000E+0	1.08226E+1
0.00000E+0	1.08930E+1
0.00000E+0	1.09654E+1
0.00000E+0	1.10336E+1
0.00000E+0	1.11055E+1
0.00000E+0	1.11784E+1
0.00000E+0	1.12515E+1
0.00000E+0	1.13238E+1
0.00000E+0	1.13921E+1
0.00000E+0	1.14681E+1
0.00000E+0	1.15410E+1
0.00000E+0	1.16165E+1
0.00000E+0	1.16894E+1
0.00000E+0	1.17704E+1
0.00000E+0	1.18431E+1
0.00000E+0	1.19100E+1
0.00000E+0	1.19847E+1
0.00000E+0	1.20583E+1
0.00000E+0	1.21340E+1
0.00000E+0	1.22075E+1
0.00000E+0	1.22815E+1
0.00000E+0	1.23533E+1
0.00000E+0	1.24221E+1
0.00000E+0	1.24962E+1
0.00000E+0	1.25741E+1
0.00000E+0	1.26469E+1
0.00000E+0	1.27173E+1
0.00000E+0	1.27914E+1
0.00000E+0	1.28654E+1
0.00000E+0	1.29407E+1
0.00000E+0	1.30094E+1
0.00000E+0	1.30818E+1
0.00000E+0	1.31555E+1
0.00000E+0	1.32284E+1
0.00000E+0	1.33021E+1
0.00000E+0	1.33801E+1
0.00000E+0	1.34520E+1
0.00000E+0	1.35286E+1
0.00000E+0	1.36015E+1
0.00000E+0	1.36759E+1
0.00000E+0	1.37482E+1
0.00000E+0	1.38213E+1
0.00000E+0	1.38953E+1
0.00000E+0	1.39684E+1
0.00000E+0	1.40419E+1
0.00000E+0	1.41094E+1
0.00000E+0	1.41830E+1
0.00000E+0	1.42566E+1
0.00000E+0	1.43265E+1
0.00000E+0	1.43989E+1
0.00000E+0	1.44717E+1
0.00000E+0	1.45482E+1
0.00000E+0	1.46278E+1
0.00000E+0	1.47001E+1
0.00000E+0	1.47676E+1
0.00000E+0	1.48364E+1
0.00000E+0	1.49107E+1
0.00000E+0	1.49820E+1
0.00000E+0	1.50490E+1
0.00000E+0	1.51228E+1
0.00000E+0	1.51895E+1
0.00000E+0	1.52629E+1
0.00000E+0	1.53382E+1
0.00000E+0	1.54118E+1
0.00000E+0	1.54825E+1
0.00000E+0	1.55519E+1
0.00000E+0	1.56306E+1
0.00000E+0	1.57030E+1
0.00000E+0	1.57786E+1
0.00000E+0	1.58497E+1
0.00000E+0	1.59167E+1
0.00000E+0	1.59837E+1
0.00000E+0	1.60507E+1
0.00000E+0	1.61210E+1
0.00000E+0	1.61887E+1
0.00000E+0	1.62597E+1
0.00000E+0	1.63286E+1
0.00000E+0	1.64012E+1
0.00000E+0	1.64762E+1
0.00000E+0	1.65483E+1
0.00000E+0	1.66263E+1
0.00000E+0	1.67021E+1
0.00000E+0	1.67751E+1
0.00000E+0	1.68481E+1
0.00000E+0	1.69256E+1
0.00000E+0	1.69965E+1
0.00000E+0	1.70748E+1
0.00000E+0	1.71493E+1
0.00000E+0	1.72224E+1
0.00000E+0	1.72896E+1
0.00000E+0	1.73596E+1
0.00000E+0	1.74276E+1
0.00000E+0	1.74983E+1
0.00000E+0	1.75691E+1
0.00000E+0	1.76432E+1
0.00000E+0	1.77178E+1
0.00000E+0	1.77871E+1
0.00000E+0	1.78648E+1
0.00000E+0	1.79378E+1
0.00000E+0	1.80086E+1
0.00000E+0	1.80854E+1
0.00000E+0	1.81590E+1
0.00000E+0	1.82323E+1
0.00000E+0	1.83087E+1
0.00000E+0	1.83865E+1
0.00000E+0	1.84524E+1
0.00000E+0	1.85231E+1
0.00000E+0	1.85967E+1
0.00000E+0	1.86736E+1
0.00000E+0	1.87475E+1
0.00000E+0	1.88162E+1
0.00000E+0	1.88963E+1
0.00000E+0	1.89697E+1
0.00000E+0	1.90419E+1
0.00000E+0	1.91108E+1
0.00000E+0	1.91852E+1
0.00000E+0	1.92510E+1
0.00000E+0	1.93211E+1
0.00000E+0	1.93951E+1
0.00000E+0	1.94730E+1
0.00000E+0	1.95452E+1
0.00000E+0	1.96182E+1
0.00000E+0	1.96938E+1
0.00000E+0	1.97698E+1
0.00000E+0	1.98408E+1
0.00000E+0	1.99152E+1
0.00000E+0	1.99911E+1
0.00000E+0	2.00616E+1
0.00000E+0	2.01320E+1
0.00000E+0	2.02072E+1
0.00000E+0	2.02833E+1
0.00000E+0	2.03536E+1
0.00000E+0	2.04238E+1
0.00000E+0	2.04937E+1
0.00000E+0	2.05685E+1
0.00000E+0	2.06400E+1
0.00000E+0	2.07066E+1
0.00000E+0	2.07830E+1
0.00000E+0	2.08591E+1
0.00000E+0	2.09359E+1
0.00000E+0	2.10122E+1
4.88281E-4	2.10834E+1
4.88281E-4	2.11529E+1
2.92969E-3	2.12211E+1
1.95312E-3	2.12962E+1
1.46484E-3	2.13671E+1
2.92969E-3	2.14408E+1
2.44141E-3	2.15171E+1
3.41797E-3	2.15923E+1
4.39453E-3	2.16662E+1
4.39453E-3	2.17361E+1
4.39453E-3	2.18036E+1
4.88281E-3	2.18834E+1
5.85937E-3	2.19553E+1
4.88281E-3	2.20322E+1
5.37109E-3	2.21065E+1
4.88281E-3	2.21780E+1
4.88281E-3	2.22545E+1
5.37109E-3	2.23302E+1
5.85937E-3	2.24000E+1
6.34766E-3	2.24736E+1
6.34766E-3	2.25530E+1
5.85937E-3	2.26240E+1
6.34766E-3	2.27004E+1
6.83594E-3	2.27744E+1
6.34766E-3	2.28404E+1
6.34766E-3	2.29152E+1
6.83594E-3	2.29909E+1
6.83594E-3	2.30676E+1
5.85937E-3	2.31477E+1
5.85937E-3	2.32237E+1
6.34766E-3	2.32982E+1
5.85937E-3	2.33741E+1
4.88281E-3	2.34467E+1
4.88281E-3	2.35188E+1
6.83594E-3	2.35948E+1
6.34766E-3	2.36673E+1
5.37109E-3	2.37376E+1
4.88281E-3	2.38088E+1
4.39453E-3	2.38789E+1
4.88281E-3	2.39449E+1
4.39453E-3	2.40214E+1
3.90625E-3	2.40936E+1
4.39453E-3	2.41633E+1
3.41797E-3	2.42334E+1
3.41797E-3	2.42995E+1
1.95312E-3	2.43664E+1
9.76562E-4	2.44326E+1
4.88281E-4	2.44988E+1
0.00000E+0	2.45693E+1
4.88281E-4	2.46452E+1
0.00000E+0	2.47172E+1
0.00000E+0	2.47868E+1
0.00000E+0	2.48550E+1
0.00000E+0	2.49260E+1
0.00000E+0	2.49967E+1
0.00000E+0	2.50663E+1
0.00000E+0	2.51330E+1
0.00000E+0	2.52004E+1
0.00000E+0	2.52766E+1
0.00000E+0	2.53521E+1
0.00000E+0	2.54237E+1
0.00000E+0	2.54940E+1
0.00000E+0	2.55639E+1
0.00000E+0	2.56375E+1
0.00000E+0	2.57129E+1
0.00000E+0	2.57854E+1
0.00000E+0	2.58576E+1
0.00000E+0	2.59317E+1
0.00000E+0	2.60095E+1
0.00000E+0	2.60842E+1
0.00000E+0	2.61521E+1
0.00000E+0	2.62232E+1
0.00000E+0	2.62948E+1
0.00000E+0	2.63669E+1
0.00000E+0	2.64368E+1
0.00000E+0	2.65056E+1
4.88281E-4	2.65782E+1
0.00000E+0	2.66527E+1
2.92969E-3	2.67254E+1
1.95312E-3	2.68012E+1
3.41797E-3	2.68762E+1
4.39453E-3	2.69511E+1
5.85937E-3	2.70248E+1
6.83594E-3	2.71054E+1
9.27734E-3	2.71745E+1
9.27734E-3	2.72425E+1
1.07422E-2	2.73177E+1
1.12305E-2	2.73933E+1
1.46484E-2	2.74639E+1
1.36719E-2	2.75357E+1
1.70898E-2	2.76129E+1
1.61133E-2	2.76841E+1
1.85547E-2	2.77517E+1
1.95312E-2	2.78284E+1
1.95312E-2	2.79018E+1
1.95312E-2	2.79732E+1
2.05078E-2	2.80459E+1
2.14844E-2	2.81220E+1
2.14844E-2	2.81939E+1
2.05078E-2	2.82645E+1
2.34375E-2	2.83313E+1
2.05078E-2	2.84061E+1
2.34375E-2	2.84777E+1
2.24609E-2	2.85528E+1
2.24609E-2	2.86326E+1
2.14844E-2	2.87076E+1
2.19727E-2	2.87799E+1
2.19727E-2	2.88520E+1
2.14844E-2	2.89254E+1
2.24609E-2	2.89977E+1
2.00195E-2	2.90681E+1
2.09961E-2	2.91468E+1
1.95312E-2	2.92236E+1
1.90430E-2	2.92941E+1
1.95312E-2	2.93658E+1
1.95312E-2	2.94366E+1
1.75781E-2	2.95125E+1
1.75781E-2	2.95834E+1
1.56250E-2	2.96595E+1
1.56250E-2	2.97355E+1
1.46484E-2	2.98089E+1
1.51367E-2	2.98805E+1
1.26953E-2	2.99544E+1
1.31836E-2	3.00287E+1
1.12305E-2	3.01022E+1
1.02539E-2	3.01772E+1
9.76562E-3	3.02491E+1
8.78906E-3	3.03229E+1
6.34766E-3	3.03958E+1
7.32422E-3	3.04645E+1
4.88281E-3	3.05317E+1
4.39453E-3	3.06016E+1
2.44141E-3	3.06781E+1
2.44141E-3	3.07469E+1
9.76562E-4	3.08213E+1
9.76562E-4	3.08969E+1
4.88281E-4	3.09718E+1
0.00000E+0	3.10465E+1
0.00000E+0	3.11215E+1
0.00000E+0	3.11929E+1
0.00000E+0	3.12691E+1
0.00000E+0	3.13351E+1
0.00000E+0	3.14051E+1
0.00000E+0	3.14782E+1
0.00000E+0	3.15488E+1
4.88281E-4	3.16174E+1
9.76562E-4	3.16918E+1
4.88281E-4	3.17653E+1
3.41797E-3	3.18404E+1
3.41797E-3	3.19153E+1
6.34766E-3	3.19881E+1
6.83594E-3	3.20582E+1
8.78906E-3	3.21326E+1
9.27734E-3	3.22041E+1
1.17187E-2	3.22804E+1
1.12305E-2	3.23554E+1
1.51367E-2	3.24312E+1
1.46484E-2	3.25047E+1
1.80664E-2	3.25696E+1
1.90430E-2	3.26306E+1
2.00195E-2	3.26976E+1
1.95312E-2	3.27667E+1
2.34375E-2	3.28350E+1
2.34375E-2	3.29055E+1
2.49023E-2	3.29753E+1
2.63672E-2	3.30481E+1
2.88086E-2	3.31183E+1
2.92969E-2	3.31909E+1
3.02734E-2	3.32614E+1
3.17383E-2	3.33364E+1
3.32031E-2	3.34100E+1
3.32031E-2	3.34802E+1
3.46680E-2	3.35526E+1
3.56445E-2	3.36266E+1
3.51562E-2	3.36995E+1
3.61328E-2	3.37644E+1
3.56445E-2	3.38323E+1
3.61328E-2	3.39052E+1
3.51562E-2	3.39827E+1
3.46680E-2	3.40588E+1
3.61328E-2	3.41260E+1
3.61328E-2	3.42027E+1
3.46680E-2	3.42748E+1
3.46680E-2	3.43421E+1
3.22266E-2	3.44160E+1
3.27148E-2	3.44906E+1
3.32031E-2	3.45611E+1
3.12500E-2	3.46365E+1
3.02734E-2	3.47108E+1
2.97852E-2	3.47837E+1
2.83203E-2	3.48485E+1
2.88086E-2	3.49205E+1
2.58789E-2	3.49970E+1
2.68555E-2	3.50700E+1
2.39258E-2	3.51417E+1
2.39258E-2	3.52124E+1
2.05078E-2	3.52869E+1
2.14844E-2	3.53539E+1
2.05078E-2	3.54282E+1
1.95312E-2	3.55013E+1
1.95312E-2	3.55744E+1
1.90430E-2	3.56437E+1
1.70898E-2	3.57185E+1
1.75781E-2	3.57944E+1
1.46484E-2	3.58666E+1
1.51367E-2	3.59337E+1
1.41602E-2	3.60043E+1
1.41602E-2	3.60817E+1
1.17187E-2	3.61617E+1
1.12305E-2	3.62363E+1
9.76562E-3	3.63108E+1
9.76562E-3	3.63818E+1
8.30078E-3	3.64548E+1
7.32422E-3	3.65296E+1
3.90625E-3	3.65993E+1
4.88281E-3	3.66683E+1
1.95312E-3	3.67463E+1
2.44141E-3	3.68148E+1
2.44141E-3	3.68825E+1
4.88281E-4	3.69536E+1
0.00000E+0	3.70205E+1
0.00000E+0	3.70869E+1
0.00000E+0	3.71605E+1
4.88281E-4	3.72337E+1
0.00000E+0	3.73087E+1
0.00000E+0	3.73823E+1
4.88281E-4	3.74582E+1
4.88281E-4	3.75340E+1
1.46484E-3	3.76105E+1
1.46484E-3	3.76811E+1
2.92969E-3	3.77550E+1
2.92969E-3	3.78314E+1
4.88281E-3	3.79048E+1
4.88281E-3	3.79783E+1
6.34766E-3	3.80494E+1
7.32422E-3	3.81153E+1
9.27734E-3	3.81864E+1
9.27734E-3	3.82603E+1
1.17187E-2	3.83359E+1
1.12305E-2	3.84076E+1
1.41602E-2	3.84843E+1
1.61133E-2	3.85580E+1
1.85547E-2	3.86330E+1
1.95312E-2	3.87025E+1
2.14844E-2	3.87748E+1
2.39258E-2	3.88530E+1
2.58789E-2	3.89261E+1
2.73437E-2	3.89983E+1
2.92969E-2	3.90758E+1
3.07617E-2	3.91518E+1
3.32031E-2	3.92190E+1
3.51562E-2	3.92960E+1
3.80859E-2	3.93751E+1
3.85742E-2	3.94458E+1
4.34570E-2	3.95232E+1
4.24805E-2	3.95990E+1
4.63867E-2	3.96755E+1
4.44336E-2	3.97488E+1
4.88281E-2	3.98213E+1
4.83398E-2	3.98949E+1
4.83398E-2	3.99708E+1
4.88281E-2	4.00440E+1
4.88281E-2	4.01201E+1
4.88281E-2	4.01959E+1
4.83398E-2	4.02630E+1
4.68750E-2	4.03316E+1
4.54102E-2	4.04065E+1
4.44336E-2	4.04742E+1
4.29687E-2	4.05483E+1
4.29687E-2	4.06198E+1
3.95508E-2	4.06930E+1
4.00391E-2	4.07639E+1
3.41797E-2	4.08336E+1
3.75977E-2	4.09045E+1
3.36914E-2	4.09724E+1
3.32031E-2	4.10364E+1
3.12500E-2	4.11044E+1
2.88086E-2	4.11735E+1
2.83203E-2	4.12437E+1
2.53906E-2	4.13143E+1
2.34375E-2	4.13842E+1
2.44141E-2	4.14548E+1
1.95312E-2	4.15221E+1
1.95312E-2	4.15933E+1
1.46484E-2	4.16658E+1
1.66016E-2	4.17349E+1
1.36719E-2	4.18077E+1
1.12305E-2	4.18811E+1
1.02539E-2	4.19552E+1
8.78906E-3	4.20277E+1
7.32422E-3	4.21018E+1
4.88281E-3	4.21802E+1
4.88281E-3	4.22523E+1
4.39453E-3	4.23305E+1
2.44141E-3	4.24065E+1
1.95312E-3	4.24750E+1
1.46484E-3	4.25465E+1
1.46484E-3	4.26187E+1
0.00000E+0	4.26901E+1
9.76562E-4	4.27592E+1
0.00000E+0	4.28294E+1
4.88281E-4	4.29032E+1
0.00000E+0	4.29755E+1
1.46484E-3	4.30469E+1
2.44141E-3	4.31212E+1
2.92969E-3	4.31968E+1
3.90625E-3	4.32646E+1
4.88281E-3	4.33355E+1
7.32422E-3	4.34071E+1
6.34766E-3	4.34789E+1
1.02539E-2	4.35451E+1
1.02539E-2	4.36133E+1
1.36719E-2	4.36885E+1
1.22070E-2	4.37600E+1
1.70898E-2	4.38330E+1
1.61133E-2	4.39097E+1
1.90430E-2	4.39841E+1
2.05078E-2	4.40533E+1
2.24609E-2	4.41244E+1
2.44141E-2	4.41987E+1
2.73437E-2	4.42715E+1
2.92969E-2	4.43479E+1
3.22266E-2	4.44221E+1
3.32031E-2	4.44966E+1
3.41797E-2	4.45660E+1
3.41797E-2	4.46359E+1
3.66211E-2	4.47052E+1
3.66211E-2	4.47780E+1
3.80859E-2	4.48454E+1
3.85742E-2	4.49159E+1
3.90625E-2	4.49903E+1
3.90625E-2	4.50616E+1
3.90625E-2	4.51341E+1
3.90625E-2	4.52078E+1
3.90625E-2	4.52770E+1
3.90625E-2	4.53493E+1
3.80859E-2	4.54298E+1
3.85742E-2	4.55054E+1
3.66211E-2	4.55765E+1
3.71094E-2	4.56515E+1
3.46680E-2	4.57196E+1
3.46680E-2	4.57868E+1
3.22266E-2	4.58608E+1
3.17383E-2	4.59378E+1
2.88086E-2	4.60118E+1
2.78320E-2	4.60837E+1
2.58789E-2	4.61558E+1
2.29492E-2	4.62279E+1
2.78320E-2	4.63061E+1
2.34375E-2	4.63810E+1
2.34375E-2	4.64564E+1
2.34375E-2	4.65316E+1
1.80664E-2	4.66009E+1
2.14844E-2	4.66766E+1
1.46484E-2	4.67513E+1
1.85547E-2	4.68215E+1
1.22070E-2	4.68903E+1
1.51367E-2	4.69651E+1
1.26953E-2	4.70397E+1
1.07422E-2	4.71096E+1
1.02539E-2	4.71835E+1
7.81250E-3	4.72570E+1
8.78906E-3	4.73241E+1
5.85937E-3	4.73962E+1
4.88281E-3	4.74710E+1
5.85937E-3	4.75428E+1
4.39453E-3	4.76169E+1
5.37109E-3	4.76940E+1
1.95312E-3	4.77675E+1
3.41797E-3	4.78356E+1
1.95312E-3	4.79046E+1
3.41797E-3	4.79708E+1
2.44141E-3	4.80422E+1
9.76562E-4	4.81106E+1
1.46484E-3	4.81833E+1
0.00000E+0	4.82609E+1
2.92969E-3	4.83304E+1
9.76562E-4	4.84040E+1
4.88281E-4	4.84800E+1
4.88281E-4	4.85507E+1
0.00000E+0	4.86196E+1
4.88281E-4	4.86958E+1
9.76562E-4	4.87671E+1
1.46484E-3	4.88385E+1
0.00000E+0	4.89118E+1
4.88281E-4	4.89848E+1
9.76562E-4	4.90514E+1
9.76562E-4	4.91270E+1
1.46484E-3	4.92040E+1
2.92969E-3	4.92812E+1
4.88281E-3	4.93501E+1
4.39453E-3	4.94161E+1
5.37109E-3	4.94811E+1
4.88281E-3	4.95472E+1
7.81250E-3	4.96152E+1
7.32422E-3	4.96907E+1
9.27734E-3	4.97650E+1
8.30078E-3	4.98355E+1
1.17187E-2	4.99079E+1
1.02539E-2	4.99831E+1
1.36719E-2	5.00553E+1
1.36719E-2	5.01209E+1
1.41602E-2	5.01934E+1
1.51367E-2	5.02695E+1
1.66016E-2	5.03392E+1
1.70898E-2	5.04088E+1
1.80664E-2	5.04868E+1
1.90430E-2	5.05581E+1
2.09961E-2	5.06295E+1
2.00195E-2	5.07056E+1
2.29492E-2	5.07749E+1
2.09961E-2	5.08450E+1
2.34375E-2	5.09127E+1
2.19727E-2	5.09886E+1
2.44141E-2	5.10601E+1
2.49023E-2	5.11309E+1
2.49023E-2	5.11996E+1
2.49023E-2	5.12706E+1
2.44141E-2	5.13444E+1
2.58789E-2	5.14179E+1
2.58789E-2	5.14934E+1
2.58789E-2	5.15624E+1
2.68555E-2	5.16343E+1
2.44141E-2	5.17056E+1
2.49023E-2	5.17789E+1
2.49023E-2	5.18545E+1
2.34375E-2	5.19221E+1
2.44141E-2	5.19921E+1
2.24609E-2	5.20670E+1
2.44141E-2	5.21415E+1
1.85547E-2	5.22095E+1
2.05078E-2	5.22796E+1
1.85547E-2	5.23468E+1
1.75781E-2	5.24181E+1
1.66016E-2	5.24964E+1
1.31836E-2	5.25754E+1
1.46484E-2	5.26474E+1
1.07422E-2	5.27244E+1
1.26953E-2	5.27993E+1
1.02539E-2	5.28743E+1
9.27734E-3	5.29486E+1
9.76562E-3	5.30188E+1
5.85937E-3	5.30933E+1
7.81250E-3	5.31666E+1
2.92969E-3	5.32400E+1
6.34766E-3	5.33122E+1
2.44141E-3	5.33812E+1
3.41797E-3	5.34486E+1
1.95312E-3	5.35235E+1
9.76562E-4	5.35952E+1
4.88281E-4	5.36684E+1
0.00000E+0	5.37401E+1
0.00000E+0	5.38141E+1
0.00000E+0	5.38885E+1
0.00000E+0	5.39617E+1
0.00000E+0	5.40357E+1
0.00000E+0	5.41104E+1
0.00000E+0	5.41796E+1
0.00000E+0	5.42479E+1
0.00000E+0	5.43181E+1
0.00000E+0	5.43862E+1
0.00000E+0	5.44551E+1
0.00000E+0	5.45222E+1
0.00000E+0	5.45992E+1
0.00000E+0	5.46712E+1
0.00000E+0	5.47428E+1
0.00000E+0	5.48119E+1
0.00000E+0	5.48773E+1
0.00000E+0	5.49453E+1
0.00000E+0	5.50205E+1
4.88281E-4	5.50975E+1
4.88281E-4	5.51735E+1
1.95312E-3	5.52444E+1
4.88281E-4	5.53186E+1
2.92969E-3	5.53908E+1
3.41797E-3	5.54637E+1
4.39453E-3	5.55322E+1
4.88281E-3	5.55980E+1
4.88281E-3	5.56710E+1
5.85937E-3	5.57388E+1
5.37109E-3	5.58131E+1
5.37109E-3	5.58877E+1
7.81250E-3	5.59559E+1
8.78906E-3	5.60287E+1
8.30078E-3	5.61017E+1
8.30078E-3	5.61729E+1
9.76562E-3	5.62456E+1
9.27734E-3	5.63232E+1
9.27734E-3	5.63962E+1
9.27734E-3	5.64711E+1
9.76562E-3	5.65449E+1
9.76562E-3	5.66179E+1
9.76562E-3	5.66839E+1
9.27734E-3	5.67572E+1
9.76562E-3	5.68302E+1
9.76562E-3	5.69051E+1
1.07422E-2	5.69733E+1
1.02539E-2	5.70456E+1
9.27734E-3	5.71191E+1
9.27734E-3	5.71894E+1
9.27734E-3	5.72601E+1
9.27734E-3	5.73334E+1
8.30078E-3	5.74085E+1
8.78906E-3	5.74805E+1
7.32422E-3	5.75564E+1
8.30078E-3	5.76324E+1
6.83594E-3	5.77004E+1
6.83594E-3	5.77629E+1
6.83594E-3	5.78310E+1
5.37109E-3	5.79004E+1
4.88281E-3	5.79743E+1
4.88281E-3	5.80524E+1
4.88281E-3	5.81299E+1
4.39453E-3	5.82046E+1
9.76562E-4	5.82766E+1
4.39453E-3	5.83520E+1
1.95312E-3	5.84284E+1
2.92969E-3	5.85004E+1
0.00000E+0	5.85749E+1
1.46484E-3	5.86527E+1
4.88281E-4	5.87255E+1
0.00000E+0	5.87944E+1
0.00000E+0	5.88591E+1
0.00000E+0	5.89336E+1
0.00000E+0	5.90062E+1
0.00000E+0	5.90780E+1
0.00000E+0	5.91487E+1
0.00000E+0	5.92190E+1
0.00000E+0	5.92880E+1
0.00000E+0	5.93572E+1
0.00000E+0	5.94262E+1
0.00000E+0	5.94899E+1
0.00000E+0	5.95559E+1
0.00000E+0	5.96313E+1
0.00000E+0	5.97074E+1
0.00000E+0	5.97766E+1
0.00000E+0	5.98464E+1
0.00000E+0	5.99130E+1
0.00000E+0	5.99785E+1
0.00000E+0	6.00527E+1
0.00000E+0	6.01277E+1
0.00000E+0	6.02022E+1
0.00000E+0	6.02749E+1
0.00000E+0	6.03471E+1
0.00000E+0	6.04185E+1
0.00000E+0	6.04917E+1
0.00000E+0	6.05616E+1
0.00000E+0	6.06314E+1
0.00000E+0	6.07023E+1
0.00000E+0	6.07721E+1
0.00000E+0	6.08393E+1
0.00000E+0	6.09122E+1
0.00000E+0	6.09789E+1
0.00000E+0	6.10470E+1
0.00000E+0	6.11239E+1
0.00000E+0	6.11950E+1
0.00000E+0	6.12677E+1
0.00000E+0	6.13364E+1
0.00000E+0	6.14126E+1
0.00000E+0	6.14872E+1
0.00000E+0	6.15620E+1
0.00000E+0	6.16319E+1
0.00000E+0	6.17034E+1
0.00000E+0	6.17732E+1
0.00000E+0	6.18392E+1
0.00000E+0	6.19056E+1
0.00000E+0	6.19762E+1
0.00000E+0	6.20462E+1
0.00000E+0	6.21143E+1
0.00000E+0	6.21917E+1
0.00000E+0	6.22644E+1
0.00000E+0	6.23294E+1
0.00000E+0	6.23978E+1
0.00000E+0	6.24688E+1
0.00000E+0	6.25355E+1
0.00000E+0	6.26081E+1
0.00000E+0	6.26789E+1
0.00000E+0	6.27468E+1
0.00000E+0	6.28158E+1
0.00000E+0	6.28855E+1
0.00000E+0	6.29552E+1
0.00000E+0	6.30245E+1
0.00000E+0	6.30969E+1
0.00000E+0	6.31629E+1
0.00000E+0	6.32315E+1
0.00000E+0	6.33056E+1
0.00000E+0	6.33762E+1
0.00000E+0	6.34441E+1
0.00000E+0	6.35176E+1
0.00000E+0	6.35933E+1
0.00000E+0	6.36654E+1
0.00000E+0	6.37374E+1
0.00000E+0	6.38085E+1
0.00000E+0	6.38817E+1
0.00000E+0	6.39551E+1
0.00000E+0	6.40289E+1
0.00000E+0	6.41029E+1
0.00000E+0	6.41739E+1
0.00000E+0	6.42426E+1
0.00000E+0	6.43135E+1
0.00000E+0	6.43834E+1
0.00000E+0	6.44538E+1
0.00000E+0	6.45275E+1
0.00000E+0	6.46009E+1
0.00000E+0	6.46677E+1
0.00000E+0	6.47381E+1
