1.01562E-1	1.99148E+0
5.85937E-3	2.03252E+0
6.83594E-3	2.06953E+0
5.85937E-3	2.11153E+0
5.85937E-3	2.15351E+0
5.85937E-3	2.19594E+0
5.85937E-3	2.23997E+0
6.83594E-3	2.27819E+0
6.83594E-3	2.32004E+0
5.85937E-3	2.36105E+0
8.78906E-3	2.40206E+0
4.88281E-3	2.44307E+0
6.83594E-3	2.48328E+0
6.83594E-3	2.52227E+0
6.83594E-3	2.56214E+0
4.88281E-3	2.60627E+0
5.85937E-3	2.64727E+0
5.85937E-3	2.68785E+0
6.83594E-3	2.73084E+0
6.83594E-3	2.77075E+0
5.85937E-3	2.81076E+0
6.83594E-3	2.84977E+0
6.83594E-3	2.88907E+0
2.92969E-3	2.92921E+0
6.83594E-3	2.96545E+0
4.88281E-3	3.00674E+0
8.78906E-3	3.05163E+0
3.90625E-3	3.09257E+0
6.83594E-3	3.13323E+0
2.92969E-3	3.17535E+0
5.85937E-3	3.21634E+0
3.90625E-3	3.25896E+0
6.83594E-3	3.29984E+0
4.88281E-3	3.34073E+0
6.83594E-3	3.38097E+0
7.81250E-3	3.42415E+0
7.81250E-3	3.46790E+0
3.90625E-3	3.50866E+0
5.85937E-3	3.54881E+0
8.78906E-3	3.58884E+0
7.81250E-3	3.62981E+0
6.83594E-3	3.67435E+0
7.81250E-3	3.71526E+0
6.83594E-3	3.75466E+0
7.81250E-3	3.79562E+0
5.85937E-3	3.83751E+0
6.83594E-3	3.87962E+0
7.81250E-3	3.91945E+0
5.85937E-3	3.95948E+0
6.83594E-3	4.00342E+0
7.81250E-3	4.04458E+0
7.81250E-3	4.08756E+0
6.83594E-3	4.12984E+0
4.88281E-3	4.17383E+0
7.81250E-3	4.21753E+0
7.81250E-3	4.25665E+0
6.83594E-3	4.30036E+0
5.85937E-3	4.34436E+0
8.78906E-3	4.38441E+0
3.90625E-3	4.42509E+0
5.85937E-3	4.46567E+0
5.85937E-3	4.50731E+0
6.83594E-3	4.54831E+0
3.90625E-3	4.59225E+0
5.85937E-3	4.63023E+0
7.81250E-3	4.67023E+0
2.92969E-3	4.71021E+0
4.88281E-3	4.75074E+0
4.88281E-3	4.79071E+0
7.81250E-3	4.83373E+0
5.85937E-3	4.87575E+0
6.83594E-3	4.91859E+0
5.85937E-3	4.95860E+0
7.81250E-3	5.00151E+0
3.90625E-3	5.04442E+0
6.83594E-3	5.08348E+0
5.85937E-3	5.12425E+0
5.85937E-3	5.16274E+0
5.85937E-3	5.20299E+0
2.92969E-3	5.24388E+0
4.88281E-3	5.28430E+0
4.88281E-3	5.32233E+0
6.83594E-3	5.36432E+0
6.83594E-3	5.40374E+0
2.92969E-3	5.44260E+0
5.85937E-3	5.48325E+0
3.90625E-3	5.52317E+0
6.83594E-3	5.56305E+0
5.85937E-3	5.60673E+0
6.83594E-3	5.64686E+0
5.85937E-3	5.68851E+0
6.83594E-3	5.73142E+0
5.85937E-3	5.77378E+0
5.85937E-3	5.81409E+0
4.88281E-3	5.85620E+0
3.90625E-3	5.90089E+0
2.92969E-3	5.94230E+0
4.88281E-3	5.98528E+0
2.92969E-3	6.02696E+0
2.92969E-3	6.06896E+0
2.92969E-3	6.11095E+0
5.85937E-3	6.14905E+0
5.85937E-3	6.18965E+0
4.88281E-3	6.23211E+0
4.88281E-3	6.27110E+0
2.92969E-3	6.31110E+0
4.88281E-3	6.35088E+0
2.92969E-3	6.39089E+0
4.88281E-3	6.43277E+0
2.92969E-3	6.47761E+0
5.85937E-3	6.51722E+0
6.83594E-3	6.55523E+0
5.85937E-3	6.59764E+0
3.90625E-3	6.63966E+0
5.85937E-3	6.68254E+0
6.83594E-3	6.72193E+0
4.88281E-3	6.76381E+0
5.85937E-3	6.80379E+0
3.90625E-3	6.84580E+0
4.88281E-3	6.88681E+0
4.88281E-3	6.92863E+0
6.83594E-3	6.96929E+0
2.92969E-3	7.01338E+0
4.88281E-3	7.05140E+0
2.92969E-3	7.09196E+0
5.85937E-3	7.13292E+0
4.88281E-3	7.17596E+0
5.85937E-3	7.21753E+0
2.92969E-3	7.26118E+0
4.88281E-3	7.30212E+0
3.90625E-3	7.34143E+0
4.88281E-3	7.38440E+0
3.90625E-3	7.42518E+0
5.85937E-3	7.46789E+0
4.88281E-3	7.50785E+0
6.83594E-3	7.54687E+0
6.83594E-3	7.58768E+0
2.92969E-3	7.62767E+0
7.81250E-3	7.66921E+0
5.85937E-3	7.70836E+0
7.81250E-3	7.74973E+0
6.83594E-3	7.79081E+0
8.78906E-3	7.83138E+0
5.85937E-3	7.87138E+0
3.90625E-3	7.91138E+0
7.81250E-3	7.95036E+0
7.81250E-3	7.99188E+0
5.85937E-3	8.03056E+0
1.07422E-2	8.07159E+0
7.81250E-3	8.10858E+0
7.81250E-3	8.14859E+0
7.81250E-3	8.19001E+0
6.83594E-3	8.23186E+0
7.81250E-3	8.27384E+0
5.85937E-3	8.31363E+0
7.81250E-3	8.35671E+0
6.83594E-3	8.39941E+0
6.83594E-3	8.44037E+0
7.81250E-3	8.48240E+0
5.85937E-3	8.52440E+0
6.83594E-3	8.56323E+0
6.83594E-3	8.60319E+0
3.90625E-3	8.64306E+0
7.81250E-3	8.68412E+0
4.88281E-3	8.72508E+0
7.81250E-3	8.76611E+0
8.78906E-3	8.80493E+0
3.90625E-3	8.84492E+0
1.07422E-2	8.88591E+0
5.85937E-3	8.92793E+0
5.85937E-3	8.96891E+0
6.83594E-3	9.00980E+0
7.81250E-3	9.05419E+0
8.78906E-3	9.09720E+0
7.81250E-3	9.13858E+0
8.78906E-3	9.18086E+0
9.76562E-3	9.22161E+0
9.76562E-3	9.26318E+0
8.78906E-3	9.30519E+0
6.83594E-3	9.34716E+0
9.76562E-3	9.38874E+0
7.81250E-3	9.42987E+0
1.07422E-2	9.47029E+0
6.83594E-3	9.51129E+0
1.17187E-2	9.55430E+0
8.78906E-3	9.59327E+0
1.17187E-2	9.63730E+0
6.83594E-3	9.67757E+0
9.76562E-3	9.71929E+0
8.78906E-3	9.76081E+0
1.07422E-2	9.79839E+0
9.76562E-3	9.83876E+0
6.83594E-3	9.87905E+0
9.76562E-3	9.91816E+0
6.83594E-3	9.96069E+0
1.07422E-2	1.00007E+1
8.78906E-3	1.00403E+1
1.17187E-2	1.00807E+1
9.76562E-3	1.01227E+1
7.81250E-3	1.01617E+1
1.17187E-2	1.02027E+1
6.83594E-3	1.02449E+1
1.17187E-2	1.02868E+1
5.85937E-3	1.03282E+1
9.76562E-3	1.03682E+1
9.76562E-3	1.04093E+1
8.78906E-3	1.04516E+1
1.07422E-2	1.04905E+1
9.76562E-3	1.05323E+1
1.07422E-2	1.05722E+1
7.81250E-3	1.06146E+1
1.17187E-2	1.06537E+1
6.83594E-3	1.06935E+1
9.76562E-3	1.07357E+1
8.78906E-3	1.07799E+1
1.26953E-2	1.08220E+1
6.83594E-3	1.08616E+1
9.76562E-3	1.09015E+1
8.78906E-3	1.09415E+1
7.81250E-3	1.09831E+1
1.17187E-2	1.10233E+1
7.81250E-3	1.10624E+1
1.17187E-2	1.11043E+1
6.83594E-3	1.11453E+1
8.78906E-3	1.11861E+1
8.78906E-3	1.12278E+1
8.78906E-3	1.12663E+1
7.81250E-3	1.13088E+1
8.78906E-3	1.13504E+1
6.83594E-3	1.13915E+1
9.76562E-3	1.14334E+1
8.78906E-3	1.14767E+1
6.83594E-3	1.15138E+1
1.07422E-2	1.15541E+1
4.88281E-3	1.15952E+1
9.76562E-3	1.16372E+1
7.81250E-3	1.16802E+1
9.76562E-3	1.17211E+1
7.81250E-3	1.17604E+1
7.81250E-3	1.18003E+1
6.83594E-3	1.18421E+1
9.76562E-3	1.18838E+1
6.83594E-3	1.19247E+1
5.85937E-3	1.19648E+1
6.83594E-3	1.20056E+1
4.88281E-3	1.20466E+1
7.81250E-3	1.20876E+1
6.83594E-3	1.21246E+1
5.85937E-3	1.21676E+1
5.85937E-3	1.22096E+1
6.83594E-3	1.22506E+1
5.85937E-3	1.22911E+1
6.83594E-3	1.23317E+1
6.83594E-3	1.23736E+1
7.81250E-3	1.24177E+1
4.88281E-3	1.24615E+1
9.76562E-3	1.25041E+1
4.88281E-3	1.25452E+1
7.81250E-3	1.25862E+1
2.92969E-3	1.26292E+1
6.83594E-3	1.26690E+1
6.83594E-3	1.27090E+1
3.90625E-3	1.27482E+1
4.88281E-3	1.27867E+1
4.88281E-3	1.28269E+1
3.90625E-3	1.28670E+1
4.88281E-3	1.29090E+1
7.81250E-3	1.29489E+1
7.81250E-3	1.29913E+1
4.88281E-3	1.30302E+1
6.83594E-3	1.30732E+1
2.92969E-3	1.31120E+1
5.85937E-3	1.31530E+1
6.83594E-3	1.31920E+1
3.90625E-3	1.32314E+1
4.88281E-3	1.32745E+1
2.92969E-3	1.33164E+1
4.88281E-3	1.33553E+1
1.95312E-3	1.33967E+1
5.85937E-3	1.34357E+1
5.85937E-3	1.34747E+1
4.88281E-3	1.35177E+1
3.90625E-3	1.35598E+1
2.92969E-3	1.35998E+1
5.85937E-3	1.36405E+1
3.90625E-3	1.36824E+1
5.85937E-3	1.37226E+1
2.92969E-3	1.37647E+1
6.83594E-3	1.38043E+1
2.92969E-3	1.38473E+1
4.88281E-3	1.38865E+1
6.83594E-3	1.39265E+1
5.85937E-3	1.39707E+1
5.85937E-3	1.40093E+1
6.83594E-3	1.40493E+1
5.85937E-3	1.40901E+1
4.88281E-3	1.41302E+1
7.81250E-3	1.41702E+1
5.85937E-3	1.42080E+1
5.85937E-3	1.42500E+1
6.83594E-3	1.42910E+1
6.83594E-3	1.43309E+1
6.83594E-3	1.43723E+1
3.90625E-3	1.44160E+1
6.83594E-3	1.44550E+1
4.88281E-3	1.44942E+1
5.85937E-3	1.45359E+1
5.85937E-3	1.45764E+1
7.81250E-3	1.46174E+1
5.85937E-3	1.46605E+1
6.83594E-3	1.47006E+1
7.81250E-3	1.47409E+1
4.88281E-3	1.47807E+1
6.83594E-3	1.48215E+1
4.88281E-3	1.48620E+1
8.78906E-3	1.49047E+1
5.85937E-3	1.49464E+1
8.78906E-3	1.49881E+1
2.92969E-3	1.50274E+1
5.85937E-3	1.50684E+1
7.81250E-3	1.51109E+1
1.07422E-2	1.51509E+1
8.78906E-3	1.51909E+1
7.81250E-3	1.52332E+1
9.76562E-3	1.52751E+1
4.88281E-3	1.53146E+1
8.78906E-3	1.53543E+1
4.88281E-3	1.53952E+1
8.78906E-3	1.54355E+1
9.76562E-3	1.54753E+1
8.78906E-3	1.55155E+1
8.78906E-3	1.55568E+1
6.83594E-3	1.55979E+1
9.76562E-3	1.56390E+1
5.85937E-3	1.56791E+1
6.83594E-3	1.57191E+1
7.81250E-3	1.57611E+1
8.78906E-3	1.58040E+1
7.81250E-3	1.58462E+1
9.76562E-3	1.58870E+1
6.83594E-3	1.59300E+1
9.76562E-3	1.59702E+1
7.81250E-3	1.60093E+1
9.76562E-3	1.60513E+1
8.78906E-3	1.60912E+1
8.78906E-3	1.61312E+1
7.81250E-3	1.61734E+1
8.78906E-3	1.62186E+1
8.78906E-3	1.62617E+1
9.76562E-3	1.63007E+1
1.26953E-2	1.63407E+1
9.76562E-3	1.63813E+1
1.17187E-2	1.64241E+1
6.83594E-3	1.64624E+1
9.76562E-3	1.65036E+1
6.83594E-3	1.65457E+1
9.76562E-3	1.65877E+1
6.83594E-3	1.66295E+1
9.76562E-3	1.66687E+1
9.76562E-3	1.67077E+1
8.78906E-3	1.67485E+1
9.76562E-3	1.67925E+1
1.07422E-2	1.68311E+1
1.07422E-2	1.68746E+1
1.07422E-2	1.69149E+1
1.07422E-2	1.69561E+1
7.81250E-3	1.69960E+1
1.26953E-2	1.70371E+1
8.78906E-3	1.70784E+1
1.07422E-2	1.71185E+1
1.07422E-2	1.71595E+1
1.07422E-2	1.71995E+1
1.26953E-2	1.72407E+1
8.78906E-3	1.72818E+1
1.07422E-2	1.73218E+1
7.81250E-3	1.73618E+1
1.26953E-2	1.74038E+1
9.76562E-3	1.74430E+1
9.76562E-3	1.74838E+1
9.76562E-3	1.75248E+1
8.78906E-3	1.75688E+1
7.81250E-3	1.76078E+1
9.76562E-3	1.76510E+1
7.81250E-3	1.76919E+1
7.81250E-3	1.77331E+1
8.78906E-3	1.77771E+1
7.81250E-3	1.78151E+1
1.07422E-2	1.78572E+1
4.88281E-3	1.78952E+1
9.76562E-3	1.79362E+1
8.78906E-3	1.79744E+1
7.81250E-3	1.80161E+1
9.76562E-3	1.80544E+1
6.83594E-3	1.80927E+1
9.76562E-3	1.81347E+1
7.81250E-3	1.81747E+1
7.81250E-3	1.82163E+1
6.83594E-3	1.82598E+1
7.81250E-3	1.82997E+1
6.83594E-3	1.83409E+1
8.78906E-3	1.83831E+1
7.81250E-3	1.84234E+1
6.83594E-3	1.84664E+1
4.88281E-3	1.85090E+1
3.90625E-3	1.85469E+1
6.83594E-3	1.85872E+1
4.88281E-3	1.86292E+1
5.85937E-3	1.86677E+1
6.83594E-3	1.87056E+1
2.92969E-3	1.87449E+1
6.83594E-3	1.87848E+1
6.83594E-3	1.88241E+1
4.88281E-3	1.88640E+1
4.88281E-3	1.89082E+1
6.83594E-3	1.89516E+1
5.85937E-3	1.89909E+1
4.88281E-3	1.90316E+1
6.83594E-3	1.90727E+1
2.92969E-3	1.91138E+1
4.88281E-3	1.91528E+1
1.95312E-3	1.91948E+1
3.90625E-3	1.92348E+1
2.92969E-3	1.92748E+1
6.83594E-3	1.93166E+1
4.88281E-3	1.93582E+1
3.90625E-3	1.93973E+1
4.88281E-3	1.94401E+1
5.85937E-3	1.94823E+1
3.90625E-3	1.95220E+1
2.92969E-3	1.95639E+1
5.85937E-3	1.96017E+1
6.83594E-3	1.96407E+1
2.92969E-3	1.96805E+1
4.88281E-3	1.97179E+1
4.88281E-3	1.97568E+1
2.92969E-3	1.97969E+1
3.90625E-3	1.98370E+1
1.95312E-3	1.98791E+1
4.88281E-3	1.99192E+1
3.90625E-3	1.99590E+1
4.88281E-3	2.00000E+1
4.88281E-3	2.00419E+1
3.90625E-3	2.00824E+1
5.85937E-3	2.01235E+1
3.90625E-3	2.01624E+1
6.83594E-3	2.02043E+1
3.90625E-3	2.02433E+1
9.76562E-4	2.02835E+1
4.88281E-3	2.03210E+1
2.92969E-3	2.03638E+1
3.90625E-3	2.04037E+1
3.90625E-3	2.04438E+1
4.88281E-3	2.04843E+1
4.88281E-3	2.05244E+1
3.90625E-3	2.05658E+1
4.88281E-3	2.06030E+1
2.92969E-3	2.06444E+1
4.88281E-3	2.06847E+1
4.88281E-3	2.07244E+1
5.85937E-3	2.07660E+1
5.85937E-3	2.08060E+1
2.92969E-3	2.08469E+1
3.90625E-3	2.08865E+1
4.88281E-3	2.09265E+1
4.88281E-3	2.09673E+1
4.88281E-3	2.10060E+1
6.83594E-3	2.10527E+1
2.92969E-3	2.10935E+1
7.81250E-3	2.11345E+1
7.81250E-3	2.11741E+1
7.81250E-3	2.12156E+1
6.83594E-3	2.12564E+1
3.90625E-3	2.12953E+1
6.83594E-3	2.13353E+1
5.85937E-3	2.13773E+1
6.83594E-3	2.14190E+1
6.83594E-3	2.14595E+1
8.78906E-3	2.14985E+1
9.76562E-3	2.15404E+1
3.90625E-3	2.15794E+1
5.85937E-3	2.16192E+1
4.88281E-3	2.16591E+1
6.83594E-3	2.17001E+1
6.83594E-3	2.17393E+1
3.90625E-3	2.17803E+1
4.88281E-3	2.18203E+1
3.90625E-3	2.18620E+1
6.83594E-3	2.19007E+1
3.90625E-3	2.19431E+1
5.85937E-3	2.19837E+1
7.81250E-3	2.20218E+1
6.83594E-3	2.20608E+1
5.85937E-3	2.21058E+1
6.83594E-3	2.21475E+1
6.83594E-3	2.21868E+1
5.85937E-3	2.22288E+1
6.83594E-3	2.22705E+1
5.85937E-3	2.23123E+1
9.76562E-3	2.23498E+1
7.81250E-3	2.23899E+1
8.78906E-3	2.24318E+1
7.81250E-3	2.24731E+1
4.88281E-3	2.25112E+1
1.07422E-2	2.25502E+1
8.78906E-3	2.25912E+1
9.76562E-3	2.26320E+1
8.78906E-3	2.26733E+1
7.81250E-3	2.27133E+1
1.17187E-2	2.27562E+1
7.81250E-3	2.27945E+1
1.07422E-2	2.28374E+1
6.83594E-3	2.28776E+1
1.07422E-2	2.29180E+1
8.78906E-3	2.29580E+1
8.78906E-3	2.29971E+1
1.17187E-2	2.30381E+1
4.88281E-3	2.30786E+1
1.36719E-2	2.31177E+1
9.76562E-3	2.31569E+1
9.76562E-3	2.31980E+1
1.17187E-2	2.32364E+1
9.76562E-3	2.32744E+1
1.07422E-2	2.33151E+1
9.76562E-3	2.33569E+1
1.07422E-2	2.33972E+1
1.17187E-2	2.34374E+1
6.83594E-3	2.34776E+1
1.07422E-2	2.35172E+1
8.78906E-3	2.35556E+1
9.76562E-3	2.35967E+1
1.07422E-2	2.36371E+1
8.78906E-3	2.36795E+1
9.76562E-3	2.37220E+1
7.81250E-3	2.37630E+1
1.17187E-2	2.38017E+1
8.78906E-3	2.38407E+1
9.76562E-3	2.38818E+1
9.76562E-3	2.39232E+1
7.81250E-3	2.39643E+1
8.78906E-3	2.40051E+1
8.78906E-3	2.40471E+1
9.76562E-3	2.40885E+1
7.81250E-3	2.41305E+1
1.07422E-2	2.41723E+1
8.78906E-3	2.42136E+1
8.78906E-3	2.42558E+1
9.76562E-3	2.42969E+1
8.78906E-3	2.43393E+1
6.83594E-3	2.43793E+1
1.07422E-2	2.44187E+1
7.81250E-3	2.44567E+1
7.81250E-3	2.44968E+1
8.78906E-3	2.45382E+1
7.81250E-3	2.45803E+1
1.07422E-2	2.46210E+1
7.81250E-3	2.46625E+1
8.78906E-3	2.47064E+1
8.78906E-3	2.47474E+1
9.76562E-3	2.47860E+1
8.78906E-3	2.48304E+1
9.76562E-3	2.48714E+1
8.78906E-3	2.49134E+1
1.07422E-2	2.49533E+1
8.78906E-3	2.49949E+1
8.78906E-3	2.50361E+1
8.78906E-3	2.50760E+1
7.81250E-3	2.51190E+1
9.76562E-3	2.51630E+1
6.83594E-3	2.52029E+1
3.90625E-3	2.52440E+1
8.78906E-3	2.52849E+1
4.88281E-3	2.53235E+1
8.78906E-3	2.53634E+1
7.81250E-3	2.54041E+1
5.85937E-3	2.54414E+1
7.81250E-3	2.54808E+1
3.90625E-3	2.55235E+1
6.83594E-3	2.55655E+1
6.83594E-3	2.56028E+1
4.88281E-3	2.56431E+1
5.85937E-3	2.56855E+1
3.90625E-3	2.57249E+1
6.83594E-3	2.57659E+1
7.81250E-3	2.58048E+1
5.85937E-3	2.58458E+1
6.83594E-3	2.58858E+1
6.83594E-3	2.59281E+1
5.85937E-3	2.59691E+1
3.90625E-3	2.60089E+1
6.83594E-3	2.60505E+1
1.95312E-3	2.60914E+1
3.90625E-3	2.61335E+1
3.90625E-3	2.61733E+1
6.83594E-3	2.62113E+1
5.85937E-3	2.62513E+1
2.92969E-3	2.62903E+1
4.88281E-3	2.63299E+1
3.90625E-3	2.63712E+1
2.92969E-3	2.64102E+1
5.85937E-3	2.64480E+1
3.90625E-3	2.64888E+1
3.90625E-3	2.65288E+1
3.90625E-3	2.65721E+1
4.88281E-3	2.66121E+1
4.88281E-3	2.66526E+1
2.92969E-3	2.66940E+1
4.88281E-3	2.67330E+1
2.92969E-3	2.67748E+1
3.90625E-3	2.68143E+1
3.90625E-3	2.68543E+1
3.90625E-3	2.68953E+1
4.88281E-3	2.69365E+1
4.88281E-3	2.69774E+1
3.90625E-3	2.70184E+1
3.90625E-3	2.70595E+1
3.90625E-3	2.70985E+1
1.95312E-3	2.71414E+1
4.88281E-3	2.71811E+1
3.90625E-3	2.72201E+1
4.88281E-3	2.72599E+1
4.88281E-3	2.72991E+1
4.88281E-3	2.73353E+1
4.88281E-3	2.73772E+1
3.90625E-3	2.74212E+1
4.88281E-3	2.74636E+1
2.92969E-3	2.75055E+1
5.85937E-3	2.75446E+1
2.92969E-3	2.75861E+1
5.85937E-3	2.76299E+1
4.88281E-3	2.76704E+1
5.85937E-3	2.77131E+1
3.90625E-3	2.77541E+1
5.85937E-3	2.77951E+1
6.83594E-3	2.78331E+1
6.83594E-3	2.78741E+1
8.78906E-3	2.79171E+1
5.85937E-3	2.79577E+1
8.78906E-3	2.79991E+1
3.90625E-3	2.80401E+1
6.83594E-3	2.80781E+1
4.88281E-3	2.81211E+1
6.83594E-3	2.81649E+1
5.85937E-3	2.82027E+1
6.83594E-3	2.82447E+1
6.83594E-3	2.82837E+1
5.85937E-3	2.83236E+1
7.81250E-3	2.83657E+1
3.90625E-3	2.84066E+1
6.83594E-3	2.84466E+1
5.85937E-3	2.84879E+1
9.76562E-3	2.85299E+1
7.81250E-3	2.85748E+1
8.78906E-3	2.86169E+1
8.78906E-3	2.86586E+1
7.81250E-3	2.87006E+1
6.83594E-3	2.87396E+1
9.76562E-3	2.87804E+1
6.83594E-3	2.88204E+1
9.76562E-3	2.88618E+1
8.78906E-3	2.89036E+1
1.07422E-2	2.89464E+1
9.76562E-3	2.89863E+1
9.76562E-3	2.90279E+1
1.07422E-2	2.90679E+1
1.07422E-2	2.91104E+1
7.81250E-3	2.91544E+1
1.07422E-2	2.91924E+1
8.78906E-3	2.92334E+1
9.76562E-3	2.92737E+1
8.78906E-3	2.93175E+1
1.26953E-2	2.93602E+1
1.07422E-2	2.94032E+1
1.17187E-2	2.94431E+1
1.17187E-2	2.94848E+1
1.36719E-2	2.95233E+1
1.36719E-2	2.95647E+1
9.76562E-3	2.96057E+1
1.56250E-2	2.96459E+1
9.76562E-3	2.96874E+1
1.36719E-2	2.97260E+1
1.07422E-2	2.97671E+1
1.26953E-2	2.98080E+1
1.17187E-2	2.98501E+1
1.07422E-2	2.98914E+1
1.56250E-2	2.99311E+1
1.17187E-2	2.99706E+1
1.46484E-2	3.00116E+1
1.26953E-2	3.00516E+1
1.46484E-2	3.00906E+1
1.36719E-2	3.01307E+1
1.46484E-2	3.01746E+1
1.56250E-2	3.02167E+1
1.46484E-2	3.02597E+1
1.66016E-2	3.02987E+1
1.36719E-2	3.03406E+1
1.56250E-2	3.03807E+1
1.36719E-2	3.04207E+1
1.66016E-2	3.04637E+1
1.75781E-2	3.05068E+1
1.56250E-2	3.05487E+1
1.56250E-2	3.05890E+1
1.75781E-2	3.06308E+1
1.56250E-2	3.06708E+1
1.85547E-2	3.07107E+1
1.46484E-2	3.07506E+1
2.05078E-2	3.07935E+1
1.36719E-2	3.08365E+1
1.66016E-2	3.08741E+1
1.56250E-2	3.09123E+1
1.56250E-2	3.09555E+1
1.66016E-2	3.09965E+1
1.66016E-2	3.10385E+1
1.75781E-2	3.10815E+1
1.66016E-2	3.11215E+1
1.75781E-2	3.11638E+1
1.66016E-2	3.12052E+1
1.95312E-2	3.12473E+1
1.36719E-2	3.12883E+1
2.14844E-2	3.13278E+1
1.56250E-2	3.13671E+1
1.75781E-2	3.14102E+1
1.46484E-2	3.14522E+1
1.75781E-2	3.14910E+1
1.56250E-2	3.15326E+1
1.85547E-2	3.15738E+1
1.66016E-2	3.16167E+1
1.85547E-2	3.16586E+1
1.56250E-2	3.16988E+1
1.56250E-2	3.17383E+1
1.75781E-2	3.17793E+1
1.36719E-2	3.18195E+1
1.95312E-2	3.18595E+1
1.46484E-2	3.19005E+1
1.95312E-2	3.19431E+1
1.66016E-2	3.19811E+1
1.75781E-2	3.20231E+1
1.36719E-2	3.20661E+1
1.75781E-2	3.21061E+1
1.46484E-2	3.21480E+1
1.46484E-2	3.21901E+1
1.46484E-2	3.22321E+1
1.75781E-2	3.22740E+1
1.46484E-2	3.23172E+1
1.66016E-2	3.23578E+1
1.36719E-2	3.23999E+1
1.46484E-2	3.24403E+1
1.17187E-2	3.24832E+1
1.75781E-2	3.25248E+1
1.36719E-2	3.25664E+1
1.66016E-2	3.26075E+1
1.26953E-2	3.26474E+1
1.46484E-2	3.26882E+1
1.17187E-2	3.27302E+1
1.36719E-2	3.27713E+1
1.56250E-2	3.28093E+1
1.07422E-2	3.28513E+1
1.46484E-2	3.28883E+1
1.36719E-2	3.29291E+1
1.56250E-2	3.29701E+1
1.26953E-2	3.30134E+1
1.46484E-2	3.30552E+1
1.17187E-2	3.30960E+1
1.17187E-2	3.31351E+1
1.46484E-2	3.31762E+1
1.17187E-2	3.32162E+1
1.46484E-2	3.32594E+1
1.26953E-2	3.33012E+1
1.26953E-2	3.33433E+1
1.26953E-2	3.33843E+1
1.75781E-2	3.34233E+1
1.36719E-2	3.34621E+1
1.26953E-2	3.35035E+1
1.46484E-2	3.35447E+1
1.26953E-2	3.35877E+1
1.36719E-2	3.36301E+1
1.56250E-2	3.36721E+1
1.26953E-2	3.37123E+1
1.36719E-2	3.37553E+1
1.17187E-2	3.37972E+1
1.07422E-2	3.38353E+1
1.46484E-2	3.38758E+1
1.17187E-2	3.39157E+1
1.66016E-2	3.39552E+1
1.26953E-2	3.39961E+1
1.36719E-2	3.40395E+1
1.07422E-2	3.40824E+1
1.46484E-2	3.41232E+1
1.17187E-2	3.41627E+1
1.26953E-2	3.42056E+1
1.36719E-2	3.42446E+1
1.17187E-2	3.42836E+1
1.56250E-2	3.43243E+1
1.26953E-2	3.43634E+1
1.26953E-2	3.44064E+1
1.46484E-2	3.44494E+1
1.56250E-2	3.44876E+1
1.56250E-2	3.45275E+1
1.66016E-2	3.45686E+1
1.66016E-2	3.46103E+1
1.56250E-2	3.46507E+1
1.46484E-2	3.46940E+1
1.66016E-2	3.47352E+1
1.66016E-2	3.47756E+1
1.56250E-2	3.48179E+1
1.95312E-2	3.48599E+1
1.75781E-2	3.48986E+1
1.85547E-2	3.49395E+1
1.66016E-2	3.49813E+1
1.95312E-2	3.50213E+1
1.66016E-2	3.50620E+1
2.14844E-2	3.51046E+1
1.75781E-2	3.51446E+1
1.85547E-2	3.51866E+1
1.95312E-2	3.52276E+1
1.85547E-2	3.52666E+1
2.34375E-2	3.53056E+1
2.14844E-2	3.53464E+1
2.34375E-2	3.53857E+1
2.05078E-2	3.54277E+1
2.34375E-2	3.54691E+1
2.05078E-2	3.55095E+1
2.34375E-2	3.55498E+1
2.44141E-2	3.55914E+1
2.24609E-2	3.56326E+1
2.53906E-2	3.56731E+1
2.24609E-2	3.57153E+1
2.73437E-2	3.57560E+1
2.44141E-2	3.57990E+1
2.73437E-2	3.58399E+1
2.44141E-2	3.58850E+1
2.44141E-2	3.59260E+1
2.63672E-2	3.59681E+1
2.63672E-2	3.60123E+1
2.73437E-2	3.60526E+1
2.73437E-2	3.60947E+1
2.83203E-2	3.61347E+1
3.12500E-2	3.61767E+1
2.92969E-2	3.62167E+1
2.92969E-2	3.62588E+1
3.02734E-2	3.63009E+1
3.12500E-2	3.63411E+1
3.12500E-2	3.63832E+1
3.22266E-2	3.64241E+1
2.92969E-2	3.64649E+1
3.22266E-2	3.65050E+1
3.12500E-2	3.65463E+1
4.19922E-2	3.65890E+1
3.90625E-2	3.66286E+1
4.29687E-2	3.66703E+1
3.80859E-2	3.67134E+1
4.19922E-2	3.67555E+1
3.80859E-2	3.67974E+1
4.58984E-2	3.68394E+1
4.10156E-2	3.68809E+1
4.19922E-2	3.69229E+1
3.90625E-2	3.69639E+1
4.49219E-2	3.70059E+1
4.58984E-2	3.70481E+1
4.78516E-2	3.70901E+1
4.29687E-2	3.71305E+1
4.39453E-2	3.71695E+1
4.78516E-2	3.72113E+1
4.68750E-2	3.72543E+1
4.68750E-2	3.72980E+1
5.46875E-2	3.73376E+1
4.88281E-2	3.73778E+1
4.78516E-2	3.74228E+1
4.88281E-2	3.74665E+1
5.17578E-2	3.75080E+1
4.68750E-2	3.75470E+1
5.17578E-2	3.75876E+1
4.88281E-2	3.76276E+1
5.07812E-2	3.76713E+1
4.78516E-2	3.77133E+1
4.68750E-2	3.77553E+1
4.58984E-2	3.77973E+1
4.68750E-2	3.78393E+1
4.78516E-2	3.78794E+1
4.98047E-2	3.79193E+1
4.88281E-2	3.79604E+1
5.37109E-2	3.80033E+1
4.58984E-2	3.80435E+1
5.07812E-2	3.80842E+1
4.98047E-2	3.81255E+1
5.27344E-2	3.81666E+1
4.88281E-2	3.82089E+1
5.17578E-2	3.82502E+1
5.07812E-2	3.82902E+1
4.88281E-2	3.83315E+1
5.27344E-2	3.83715E+1
4.88281E-2	3.84135E+1
4.88281E-2	3.84558E+1
4.98047E-2	3.84997E+1
4.88281E-2	3.85388E+1
4.29687E-2	3.85778E+1
5.17578E-2	3.86190E+1
4.78516E-2	3.86612E+1
4.98047E-2	3.87012E+1
4.68750E-2	3.87414E+1
4.88281E-2	3.87795E+1
5.17578E-2	3.88225E+1
4.68750E-2	3.88624E+1
5.27344E-2	3.89022E+1
4.78516E-2	3.89425E+1
4.88281E-2	3.89836E+1
4.98047E-2	3.90219E+1
4.78516E-2	3.90633E+1
4.98047E-2	3.91065E+1
4.39453E-2	3.91475E+1
4.98047E-2	3.91855E+1
4.68750E-2	3.92261E+1
5.07812E-2	3.92671E+1
4.39453E-2	3.93087E+1
4.78516E-2	3.93488E+1
4.49219E-2	3.93898E+1
4.78516E-2	3.94308E+1
4.68750E-2	3.94722E+1
5.07812E-2	3.95142E+1
4.68750E-2	3.95551E+1
4.39453E-2	3.95970E+1
4.68750E-2	3.96362E+1
4.39453E-2	3.96782E+1
4.78516E-2	3.97172E+1
4.49219E-2	3.97591E+1
4.98047E-2	3.97998E+1
4.29687E-2	3.98398E+1
4.58984E-2	3.98816E+1
4.49219E-2	3.99247E+1
4.58984E-2	3.99669E+1
4.29687E-2	4.00084E+1
4.58984E-2	4.00497E+1
4.68750E-2	4.00882E+1
4.49219E-2	4.01310E+1
4.78516E-2	4.01709E+1
4.19922E-2	4.02109E+1
4.88281E-2	4.02489E+1
4.58984E-2	4.02907E+1
4.78516E-2	4.03338E+1
4.29687E-2	4.03748E+1
4.68750E-2	4.04158E+1
4.49219E-2	4.04558E+1
4.29687E-2	4.04946E+1
4.68750E-2	4.05364E+1
4.00391E-2	4.05776E+1
4.58984E-2	4.06206E+1
4.10156E-2	4.06605E+1
4.49219E-2	4.07012E+1
4.29687E-2	4.07431E+1
4.39453E-2	4.07819E+1
4.00391E-2	4.08227E+1
4.58984E-2	4.08639E+1
4.58984E-2	4.09048E+1
4.39453E-2	4.09459E+1
4.78516E-2	4.09861E+1
4.29687E-2	4.10255E+1
4.58984E-2	4.10660E+1
4.49219E-2	4.11047E+1
4.19922E-2	4.11457E+1
4.68750E-2	4.11867E+1
4.39453E-2	4.12278E+1
4.39453E-2	4.12717E+1
4.39453E-2	4.13128E+1
4.78516E-2	4.13526E+1
4.68750E-2	4.13944E+1
4.68750E-2	4.14375E+1
4.58984E-2	4.14780E+1
4.88281E-2	4.15210E+1
4.88281E-2	4.15627E+1
4.98047E-2	4.16027E+1
4.58984E-2	4.16436E+1
5.17578E-2	4.16859E+1
5.17578E-2	4.17285E+1
5.37109E-2	4.17716E+1
4.98047E-2	4.18123E+1
5.17578E-2	4.18513E+1
5.07812E-2	4.18954E+1
5.56641E-2	4.19354E+1
5.37109E-2	4.19752E+1
5.66406E-2	4.20180E+1
5.17578E-2	4.20586E+1
5.66406E-2	4.21011E+1
5.37109E-2	4.21434E+1
5.85937E-2	4.21844E+1
5.46875E-2	4.22244E+1
5.66406E-2	4.22643E+1
5.56641E-2	4.23094E+1
5.95703E-2	4.23507E+1
5.56641E-2	4.23920E+1
5.95703E-2	4.24311E+1
6.15234E-2	4.24701E+1
6.05469E-2	4.25111E+1
6.44531E-2	4.25525E+1
6.25000E-2	4.25941E+1
6.15234E-2	4.26370E+1
6.54297E-2	4.26793E+1
6.64062E-2	4.27193E+1
6.25000E-2	4.27596E+1
6.25000E-2	4.28006E+1
6.34766E-2	4.28425E+1
6.64062E-2	4.28846E+1
6.44531E-2	4.29251E+1
6.83594E-2	4.29663E+1
6.64062E-2	4.30105E+1
6.64062E-2	4.30520E+1
6.73828E-2	4.30928E+1
7.12891E-2	4.31338E+1
6.83594E-2	4.31755E+1
7.12891E-2	4.32205E+1
6.73828E-2	4.32595E+1
7.12891E-2	4.33015E+1
7.22656E-2	4.33435E+1
7.12891E-2	4.33867E+1
7.61719E-2	4.34304E+1
7.91016E-2	4.34696E+1
7.81250E-2	4.35093E+1
7.91016E-2	4.35516E+1
7.71484E-2	4.35914E+1
7.91016E-2	4.36317E+1
7.71484E-2	4.36750E+1
7.71484E-2	4.37158E+1
7.61719E-2	4.37588E+1
8.10547E-2	4.37988E+1
7.91016E-2	4.38388E+1
8.20312E-2	4.38811E+1
8.00781E-2	4.39221E+1
8.49609E-2	4.39641E+1
8.59375E-2	4.40052E+1
8.59375E-2	4.40463E+1
8.78906E-2	4.40883E+1
8.98437E-2	4.41307E+1
8.59375E-2	4.41732E+1
8.88672E-2	4.42162E+1
9.08203E-2	4.42551E+1
8.78906E-2	4.42932E+1
9.17969E-2	4.43338E+1
8.69141E-2	4.43754E+1
9.27734E-2	4.44175E+1
8.88672E-2	4.44596E+1
9.66797E-2	4.45015E+1
9.27734E-2	4.45423E+1
9.66797E-2	4.45864E+1
9.47266E-2	4.46264E+1
9.47266E-2	4.46673E+1
9.57031E-2	4.47122E+1
9.76562E-2	4.47523E+1
9.76562E-2	4.47953E+1
1.00586E-1	4.48350E+1
9.76562E-2	4.48749E+1
9.96094E-2	4.49162E+1
9.76562E-2	4.49578E+1
9.86328E-2	4.49969E+1
1.00586E-1	4.50374E+1
1.00586E-1	4.50782E+1
9.96094E-2	4.51211E+1
1.03516E-1	4.51639E+1
1.10352E-1	4.52047E+1
1.06445E-1	4.52427E+1
1.08398E-1	4.52844E+1
1.07422E-1	4.53269E+1
1.13281E-1	4.53687E+1
1.10352E-1	4.54075E+1
1.13281E-1	4.54487E+1
1.14258E-1	4.54917E+1
1.21094E-1	4.55326E+1
1.16211E-1	4.55716E+1
1.17187E-1	4.56156E+1
1.12305E-1	4.56556E+1
1.15234E-1	4.56977E+1
1.13281E-1	4.57377E+1
1.11328E-1	4.57790E+1
1.16211E-1	4.58179E+1
1.06445E-1	4.58589E+1
1.13281E-1	4.59030E+1
1.09375E-1	4.59430E+1
1.11328E-1	4.59836E+1
1.09375E-1	4.60221E+1
1.11328E-1	4.60631E+1
1.08398E-1	4.61048E+1
1.13281E-1	4.61462E+1
1.08398E-1	4.61867E+1
1.06445E-1	4.62257E+1
1.09375E-1	4.62678E+1
1.02539E-1	4.63105E+1
1.12305E-1	4.63517E+1
1.00586E-1	4.63927E+1
1.04492E-1	4.64312E+1
1.07422E-1	4.64695E+1
1.03516E-1	4.65084E+1
1.00586E-1	4.65495E+1
9.76562E-2	4.65900E+1
1.01562E-1	4.66287E+1
1.03516E-1	4.66682E+1
8.88672E-2	4.67098E+1
9.27734E-2	4.67497E+1
8.98437E-2	4.67888E+1
8.69141E-2	4.68278E+1
9.08203E-2	4.68663E+1
8.39844E-2	4.69064E+1
8.78906E-2	4.69473E+1
8.30078E-2	4.69901E+1
8.78906E-2	4.70301E+1
8.78906E-2	4.70711E+1
8.49609E-2	4.71116E+1
8.78906E-2	4.71535E+1
8.88672E-2	4.71969E+1
8.59375E-2	4.72369E+1
8.20312E-2	4.72769E+1
9.08203E-2	4.73162E+1
8.39844E-2	4.73542E+1
8.20312E-2	4.73949E+1
8.59375E-2	4.74344E+1
8.59375E-2	4.74785E+1
8.39844E-2	4.75204E+1
8.69141E-2	4.75642E+1
8.39844E-2	4.76061E+1
8.49609E-2	4.76511E+1
8.10547E-2	4.76914E+1
8.39844E-2	4.77337E+1
8.10547E-2	4.77779E+1
8.30078E-2	4.78199E+1
8.20312E-2	4.78609E+1
8.10547E-2	4.79029E+1
8.00781E-2	4.79452E+1
8.78906E-2	4.79822E+1
8.30078E-2	4.80221E+1
8.00781E-2	4.80621E+1
8.30078E-2	4.81011E+1
7.61719E-2	4.81424E+1
8.39844E-2	4.81832E+1
7.81250E-2	4.82253E+1
8.10547E-2	4.82673E+1
8.00781E-2	4.83105E+1
8.39844E-2	4.83495E+1
8.10547E-2	4.83916E+1
8.69141E-2	4.84307E+1
8.49609E-2	4.84728E+1
8.69141E-2	4.85144E+1
8.69141E-2	4.85559E+1
8.98437E-2	4.85969E+1
8.49609E-2	4.86378E+1
8.78906E-2	4.86789E+1
8.98437E-2	4.87190E+1
9.37500E-2	4.87585E+1
9.47266E-2	4.87985E+1
9.37500E-2	4.88411E+1
1.02539E-1	4.88841E+1
1.02539E-1	4.89238E+1
9.57031E-2	4.89610E+1
9.76562E-2	4.90019E+1
9.96094E-2	4.90454E+1
1.00586E-1	4.90877E+1
1.00586E-1	4.91276E+1
1.11328E-1	4.91697E+1
1.04492E-1	4.92066E+1
1.05469E-1	4.92466E+1
1.05469E-1	4.92875E+1
1.02539E-1	4.93280E+1
1.07422E-1	4.93684E+1
1.08398E-1	4.94084E+1
1.10352E-1	4.94524E+1
1.09375E-1	4.94935E+1
1.14258E-1	4.95314E+1
1.11328E-1	4.95735E+1
1.20117E-1	4.96134E+1
1.17187E-1	4.96573E+1
1.21094E-1	4.96992E+1
1.25977E-1	4.97363E+1
1.20117E-1	4.97765E+1
1.24023E-1	4.98178E+1
1.20117E-1	4.98616E+1
1.23047E-1	4.99030E+1
1.24023E-1	4.99460E+1
1.31836E-1	4.99849E+1
1.32812E-1	5.00230E+1
1.33789E-1	5.00644E+1
1.34766E-1	5.01025E+1
1.32812E-1	5.01435E+1
1.34766E-1	5.01859E+1
1.31836E-1	5.02239E+1
1.35742E-1	5.02646E+1
1.36719E-1	5.03067E+1
1.40625E-1	5.03492E+1
1.38672E-1	5.03912E+1
1.42578E-1	5.04322E+1
1.41602E-1	5.04730E+1
1.40625E-1	5.05129E+1
1.47461E-1	5.05518E+1
1.43555E-1	5.05917E+1
1.47461E-1	5.06349E+1
1.43555E-1	5.06769E+1
1.53320E-1	5.07180E+1
1.45508E-1	5.07583E+1
1.51367E-1	5.07984E+1
1.49414E-1	5.08382E+1
1.49414E-1	5.08792E+1
1.50391E-1	5.09192E+1
1.52344E-1	5.09627E+1
1.56250E-1	5.10037E+1
1.58203E-1	5.10443E+1
1.56250E-1	5.10880E+1
1.58203E-1	5.11311E+1
1.58203E-1	5.11710E+1
1.52344E-1	5.12105E+1
1.58203E-1	5.12461E+1
1.58203E-1	5.12877E+1
1.58203E-1	5.13287E+1
1.57227E-1	5.13716E+1
1.55273E-1	5.14104E+1
1.63086E-1	5.14484E+1
1.59180E-1	5.14884E+1
1.60156E-1	5.15292E+1
1.65039E-1	5.15696E+1
1.63086E-1	5.16093E+1
1.61133E-1	5.16514E+1
1.64062E-1	5.16953E+1
1.56250E-1	5.17383E+1
1.59180E-1	5.17793E+1
1.59180E-1	5.18193E+1
1.54297E-1	5.18604E+1
1.58203E-1	5.19015E+1
1.60156E-1	5.19446E+1
1.60156E-1	5.19866E+1
1.59180E-1	5.20301E+1
1.58203E-1	5.20708E+1
1.54297E-1	5.21130E+1
1.56250E-1	5.21523E+1
1.48437E-1	5.21929E+1
1.52344E-1	5.22321E+1
1.49414E-1	5.22721E+1
1.46484E-1	5.23124E+1
1.44531E-1	5.23558E+1
1.47461E-1	5.24003E+1
1.42578E-1	5.24403E+1
1.47461E-1	5.24821E+1
1.44531E-1	5.25210E+1
1.38672E-1	5.25597E+1
1.37695E-1	5.26009E+1
1.32812E-1	5.26424E+1
1.33789E-1	5.26823E+1
1.28906E-1	5.27264E+1
1.30859E-1	5.27688E+1
1.29883E-1	5.28089E+1
1.28906E-1	5.28507E+1
1.35742E-1	5.28951E+1
1.26953E-1	5.29387E+1
1.25977E-1	5.29817E+1
1.24023E-1	5.30228E+1
1.25000E-1	5.30626E+1
1.24023E-1	5.31048E+1
1.18164E-1	5.31451E+1
1.24023E-1	5.31869E+1
1.25000E-1	5.32277E+1
1.23047E-1	5.32686E+1
1.21094E-1	5.33122E+1
1.25000E-1	5.33532E+1
1.22070E-1	5.33917E+1
1.22070E-1	5.34348E+1
1.18164E-1	5.34763E+1
1.18164E-1	5.35190E+1
1.20117E-1	5.35612E+1
1.16211E-1	5.36071E+1
1.20117E-1	5.36491E+1
1.15234E-1	5.36881E+1
1.14258E-1	5.37273E+1
1.16211E-1	5.37678E+1
1.11328E-1	5.38098E+1
1.23047E-1	5.38488E+1
1.11328E-1	5.38896E+1
1.15234E-1	5.39312E+1
1.16211E-1	5.39698E+1
1.11328E-1	5.40087E+1
1.13281E-1	5.40474E+1
1.12305E-1	5.40904E+1
1.14258E-1	5.41314E+1
1.17187E-1	5.41703E+1
1.10352E-1	5.42115E+1
1.17187E-1	5.42511E+1
1.11328E-1	5.42905E+1
1.12305E-1	5.43307E+1
1.12305E-1	5.43714E+1
1.09375E-1	5.44124E+1
1.13281E-1	5.44524E+1
1.15234E-1	5.44953E+1
1.15234E-1	5.45373E+1
1.11328E-1	5.45783E+1
1.20117E-1	5.46174E+1
1.11328E-1	5.46583E+1
1.16211E-1	5.46999E+1
1.17187E-1	5.47436E+1
1.19141E-1	5.47842E+1
1.25977E-1	5.48279E+1
1.24023E-1	5.48670E+1
1.22070E-1	5.49061E+1
1.20117E-1	5.49487E+1
1.22070E-1	5.49886E+1
1.22070E-1	5.50297E+1
1.29883E-1	5.50724E+1
1.24023E-1	5.51083E+1
1.32812E-1	5.51504E+1
1.31836E-1	5.51906E+1
1.37695E-1	5.52325E+1
1.34766E-1	5.52772E+1
1.40625E-1	5.53142E+1
1.44531E-1	5.53552E+1
1.42578E-1	5.53951E+1
1.42578E-1	5.54333E+1
1.44531E-1	5.54736E+1
1.44531E-1	5.55156E+1
1.41602E-1	5.55566E+1
1.41602E-1	5.56006E+1
1.42578E-1	5.56426E+1
1.40625E-1	5.56822E+1
1.43555E-1	5.57240E+1
1.48437E-1	5.57657E+1
1.54297E-1	5.58047E+1
1.51367E-1	5.58434E+1
1.57227E-1	5.58834E+1
1.59180E-1	5.59234E+1
1.61133E-1	5.59644E+1
1.66016E-1	5.60036E+1
1.65039E-1	5.60427E+1
1.66992E-1	5.60848E+1
1.69922E-1	5.61268E+1
1.66992E-1	5.61678E+1
1.71875E-1	5.62068E+1
1.72852E-1	5.62468E+1
1.74805E-1	5.62896E+1
1.73828E-1	5.63324E+1
1.74805E-1	5.63750E+1
1.77734E-1	5.64170E+1
1.77734E-1	5.64595E+1
1.79687E-1	5.64994E+1
1.75781E-1	5.65434E+1
1.83594E-1	5.65870E+1
1.83594E-1	5.66290E+1
1.87500E-1	5.66690E+1
1.86523E-1	5.67089E+1
1.82617E-1	5.67508E+1
1.86523E-1	5.67893E+1
1.82617E-1	5.68287E+1
1.97266E-1	5.68667E+1
2.08008E-1	5.69107E+1
2.10937E-1	5.69533E+1
2.01172E-1	5.69952E+1
2.06055E-1	5.70374E+1
1.97266E-1	5.70777E+1
2.14844E-1	5.71199E+1
2.10937E-1	5.71586E+1
2.07031E-1	5.71997E+1
2.13867E-1	5.72381E+1
2.09961E-1	5.72781E+1
2.16797E-1	5.73161E+1
2.17773E-1	5.73571E+1
2.12891E-1	5.73988E+1
2.13867E-1	5.74402E+1
2.10937E-1	5.74810E+1
2.28516E-1	5.75224E+1
2.25586E-1	5.75587E+1
2.22656E-1	5.75985E+1
2.26562E-1	5.76366E+1
2.24609E-1	5.76745E+1
2.21680E-1	5.77135E+1
2.25586E-1	5.77545E+1
2.21680E-1	5.77975E+1
2.22656E-1	5.78404E+1
2.27539E-1	5.78804E+1
2.30469E-1	5.79211E+1
2.26562E-1	5.79582E+1
2.26562E-1	5.79991E+1
2.22656E-1	5.80412E+1
2.18750E-1	5.80858E+1
2.20703E-1	5.81261E+1
2.13867E-1	5.81668E+1
2.22656E-1	5.82088E+1
2.12891E-1	5.82506E+1
2.17773E-1	5.82902E+1
2.13867E-1	5.83312E+1
2.18750E-1	5.83722E+1
2.12891E-1	5.84122E+1
2.13867E-1	5.84517E+1
2.10937E-1	5.84924E+1
2.20703E-1	5.85344E+1
2.08984E-1	5.85764E+1
2.13867E-1	5.86172E+1
2.09961E-1	5.86586E+1
2.11914E-1	5.87016E+1
2.06055E-1	5.87396E+1
2.04102E-1	5.87814E+1
2.06055E-1	5.88229E+1
2.03125E-1	5.88659E+1
1.95312E-1	5.89063E+1
1.90430E-1	5.89450E+1
2.02148E-1	5.89861E+1
1.92383E-1	5.90250E+1
1.94336E-1	5.90684E+1
1.94336E-1	5.91089E+1
1.86523E-1	5.91509E+1
1.87500E-1	5.91929E+1
1.90430E-1	5.92329E+1
1.95312E-1	5.92767E+1
1.70898E-1	5.93156E+1
1.73828E-1	5.93567E+1
1.66992E-1	5.94001E+1
1.67969E-1	5.94405E+1
1.63086E-1	5.94820E+1
1.67969E-1	5.95216E+1
1.60156E-1	5.95606E+1
1.61133E-1	5.96004E+1
1.57227E-1	5.96424E+1
1.55273E-1	5.96834E+1
1.53320E-1	5.97223E+1
1.53320E-1	5.97653E+1
1.51367E-1	5.98091E+1
1.45508E-1	5.98497E+1
1.48437E-1	5.98893E+1
1.44531E-1	5.99276E+1
1.42578E-1	5.99676E+1
1.45508E-1	6.00095E+1
1.39648E-1	6.00492E+1
1.40625E-1	6.00870E+1
1.35742E-1	6.01293E+1
1.38672E-1	6.01705E+1
1.31836E-1	6.02119E+1
1.36719E-1	6.02539E+1
1.33789E-1	6.02937E+1
1.30859E-1	6.03344E+1
1.34766E-1	6.03723E+1
1.28906E-1	6.04142E+1
1.31836E-1	6.04557E+1
1.27930E-1	6.04983E+1
1.30859E-1	6.05366E+1
1.31836E-1	6.05765E+1
1.25000E-1	6.06165E+1
1.28906E-1	6.06555E+1
1.23047E-1	6.06965E+1
1.24023E-1	6.07365E+1
1.26953E-1	6.07751E+1
1.23047E-1	6.08167E+1
1.27930E-1	6.08572E+1
1.25977E-1	6.08974E+1
1.27930E-1	6.09417E+1
1.25977E-1	6.09816E+1
1.28906E-1	6.10214E+1
1.24023E-1	6.10614E+1
1.26953E-1	6.11047E+1
1.27930E-1	6.11476E+1
1.29883E-1	6.11896E+1
1.25000E-1	6.12306E+1
1.25977E-1	6.12726E+1
1.24023E-1	6.13146E+1
1.30859E-1	6.13537E+1
1.30859E-1	6.13937E+1
1.30859E-1	6.14313E+1
1.32812E-1	6.14731E+1
1.32812E-1	6.15167E+1
1.35742E-1	6.15579E+1
1.32812E-1	6.15974E+1
1.39648E-1	6.16380E+1
1.38672E-1	6.16772E+1
1.38672E-1	6.17184E+1
1.40625E-1	6.17567E+1
1.39648E-1	6.17977E+1
1.44531E-1	6.18387E+1
1.41602E-1	6.18796E+1
1.44531E-1	6.19207E+1
1.44531E-1	6.19645E+1
1.50391E-1	6.20072E+1
1.49414E-1	6.20473E+1
1.52344E-1	6.20892E+1
1.47461E-1	6.21296E+1
1.60156E-1	6.21707E+1
1.61133E-1	6.22107E+1
1.56250E-1	6.22503E+1
1.60156E-1	6.22903E+1
1.61133E-1	6.23320E+1
1.65039E-1	6.23739E+1
1.67969E-1	6.24114E+1
1.66016E-1	6.24493E+1
1.71875E-1	6.24917E+1
1.66992E-1	6.25334E+1
1.72852E-1	6.25737E+1
1.69922E-1	6.26151E+1
1.80664E-1	6.26557E+1
1.75781E-1	6.26975E+1
1.83594E-1	6.27375E+1
1.84570E-1	6.27775E+1
1.87500E-1	6.28185E+1
1.84570E-1	6.28608E+1
1.84570E-1	6.29010E+1
1.93359E-1	6.29399E+1
1.91406E-1	6.29787E+1
1.94336E-1	6.30236E+1
1.95312E-1	6.30664E+1
2.08984E-1	6.31071E+1
2.31445E-1	6.31481E+1
2.34375E-1	6.31891E+1
2.26562E-1	6.32287E+1
2.25586E-1	6.32667E+1
2.35352E-1	6.33065E+1
2.24609E-1	6.33483E+1
2.35352E-1	6.33903E+1
2.35352E-1	6.34303E+1
2.34375E-1	6.34683E+1
2.26562E-1	6.35133E+1
2.30469E-1	6.35563E+1
2.28516E-1	6.35975E+1
2.35352E-1	6.36393E+1
2.34375E-1	6.36783E+1
2.32422E-1	6.37212E+1
2.39258E-1	6.37583E+1
2.34375E-1	6.38003E+1
2.32422E-1	6.38386E+1
2.26562E-1	6.38799E+1
2.27539E-1	6.39205E+1
2.30469E-1	6.39610E+1
2.30469E-1	6.40037E+1
2.30469E-1	6.40428E+1
2.30469E-1	6.40858E+1
2.34375E-1	6.41273E+1
2.31445E-1	6.41685E+1
2.32422E-1	6.42121E+1
2.32422E-1	6.42550E+1
2.31445E-1	6.42958E+1
2.35352E-1	6.43372E+1
2.32422E-1	6.43762E+1
2.32422E-1	6.44202E+1
2.33398E-1	6.44588E+1
2.31445E-1	6.45003E+1
2.37305E-1	6.45417E+1
2.28516E-1	6.45803E+1
2.30469E-1	6.46189E+1
2.29492E-1	6.46610E+1
2.32422E-1	6.47031E+1
2.33398E-1	6.47436E+1
2.25586E-1	6.47817E+1
2.28516E-1	6.48217E+1
2.27539E-1	6.48614E+1
2.22656E-1	6.49018E+1
2.19727E-1	6.49435E+1
2.16797E-1	6.49838E+1
2.17773E-1	6.50272E+1
2.13867E-1	6.50672E+1
2.09961E-1	6.51095E+1
2.06055E-1	6.51494E+1
2.11914E-1	6.51924E+1
2.06055E-1	6.52335E+1
2.01172E-1	6.52752E+1
1.94336E-1	6.53175E+1
1.99219E-1	6.53566E+1
1.94336E-1	6.53990E+1
1.90430E-1	6.54407E+1
1.86523E-1	6.54820E+1
1.88477E-1	6.55216E+1
1.84570E-1	6.55622E+1
1.77734E-1	6.56034E+1
1.81641E-1	6.56431E+1
1.77734E-1	6.56830E+1
1.80664E-1	6.57269E+1
1.70898E-1	6.57664E+1
1.74805E-1	6.58045E+1
1.70898E-1	6.58435E+1
1.66016E-1	6.58853E+1
1.66016E-1	6.59257E+1
1.62109E-1	6.59669E+1
1.62109E-1	6.60068E+1
1.61133E-1	6.60484E+1
1.57227E-1	6.60894E+1
1.54297E-1	6.61325E+1
1.53320E-1	6.61710E+1
1.52344E-1	6.62137E+1
1.47461E-1	6.62577E+1
1.42578E-1	6.62978E+1
1.43555E-1	6.63386E+1
1.37695E-1	6.63798E+1
1.34766E-1	6.64203E+1
1.34766E-1	6.64620E+1
1.37695E-1	6.65054E+1
1.33789E-1	6.65452E+1
1.28906E-1	6.65863E+1
1.30859E-1	6.66263E+1
1.26953E-1	6.66692E+1
1.29883E-1	6.67096E+1
1.21094E-1	6.67473E+1
1.23047E-1	6.67858E+1
1.21094E-1	6.68268E+1
1.17187E-1	6.68668E+1
1.19141E-1	6.69048E+1
1.15234E-1	6.69475E+1
1.19141E-1	6.69862E+1
1.20117E-1	6.70267E+1
1.16211E-1	6.70671E+1
1.17187E-1	6.71086E+1
1.14258E-1	6.71506E+1
1.16211E-1	6.71916E+1
1.13281E-1	6.72323E+1
1.14258E-1	6.72733E+1
1.14258E-1	6.73159E+1
1.18164E-1	6.73564E+1
1.11328E-1	6.73969E+1
1.14258E-1	6.74384E+1
1.16211E-1	6.74808E+1
1.18164E-1	6.75238E+1
1.16211E-1	6.75667E+1
1.20117E-1	6.76084E+1
1.20117E-1	6.76491E+1
1.24023E-1	6.76901E+1
1.20117E-1	6.77311E+1
1.22070E-1	6.77726E+1
1.19141E-1	6.78146E+1
1.23047E-1	6.78516E+1
1.25977E-1	6.78922E+1
1.25977E-1	6.79328E+1
1.31836E-1	6.79736E+1
1.30859E-1	6.80136E+1
1.35742E-1	6.80536E+1
1.38672E-1	6.80919E+1
1.35742E-1	6.81340E+1
1.43555E-1	6.81750E+1
1.46484E-1	6.82147E+1
1.51367E-1	6.82557E+1
1.51367E-1	6.82966E+1
1.56250E-1	6.83367E+1
1.65039E-1	6.83752E+1
1.60156E-1	6.84174E+1
1.69922E-1	6.84585E+1
1.65039E-1	6.85006E+1
1.73828E-1	6.85416E+1
1.66016E-1	6.85828E+1
1.68945E-1	6.86235E+1
1.66016E-1	6.86663E+1
1.69922E-1	6.87092E+1
1.62109E-1	6.87514E+1
1.66992E-1	6.87919E+1
1.65039E-1	6.88310E+1
1.73828E-1	6.88730E+1
1.74805E-1	6.89136E+1
1.78711E-1	6.89560E+1
1.75781E-1	6.89975E+1
1.82617E-1	6.90363E+1
1.85547E-1	6.90775E+1
1.85547E-1	6.91174E+1
1.90430E-1	6.91583E+1
1.94336E-1	6.92002E+1
1.90430E-1	6.92456E+1
1.97266E-1	6.92875E+1
1.99219E-1	6.93283E+1
1.97266E-1	6.93673E+1
2.03125E-1	6.94083E+1
2.05078E-1	6.94462E+1
2.08008E-1	6.94877E+1
2.07031E-1	6.95314E+1
2.12891E-1	6.95735E+1
2.13867E-1	6.96149E+1
2.19727E-1	6.96536E+1
2.18750E-1	6.96949E+1
2.22656E-1	6.97369E+1
2.21680E-1	6.97781E+1
2.20703E-1	6.98194E+1
2.24609E-1	6.98588E+1
2.22656E-1	6.99019E+1
2.32422E-1	6.99419E+1
2.28516E-1	6.99835E+1
2.36328E-1	7.00240E+1
2.29492E-1	7.00626E+1
2.34375E-1	7.01048E+1
2.30469E-1	7.01470E+1
2.36328E-1	7.01871E+1
2.34375E-1	7.02271E+1
2.36328E-1	7.02671E+1
2.38281E-1	7.03079E+1
2.39258E-1	7.03511E+1
2.36328E-1	7.03937E+1
2.36328E-1	7.04349E+1
2.43164E-1	7.04741E+1
2.38281E-1	7.05152E+1
2.43164E-1	7.05546E+1
2.42187E-1	7.05938E+1
2.40234E-1	7.06303E+1
2.41211E-1	7.06713E+1
2.37305E-1	7.07133E+1
2.41211E-1	7.07543E+1
2.37305E-1	7.07953E+1
2.37305E-1	7.08372E+1
2.37305E-1	7.08786E+1
2.37305E-1	7.09166E+1
2.35352E-1	7.09572E+1
2.32422E-1	7.09993E+1
2.37305E-1	7.10403E+1
2.28516E-1	7.10814E+1
2.29492E-1	7.11202E+1
2.29492E-1	7.11633E+1
2.34375E-1	7.12028E+1
2.25586E-1	7.12459E+1
2.30469E-1	7.12849E+1
2.30469E-1	7.13256E+1
2.28516E-1	7.13660E+1
2.28516E-1	7.14053E+1
2.22656E-1	7.14474E+1
2.20703E-1	7.14878E+1
2.22656E-1	7.15305E+1
2.10937E-1	7.15695E+1
2.16797E-1	7.16096E+1
2.15820E-1	7.16511E+1
2.14844E-1	7.16931E+1
2.10937E-1	7.17344E+1
2.10937E-1	7.17765E+1
2.06055E-1	7.18162E+1
2.08008E-1	7.18569E+1
1.98242E-1	7.18981E+1
2.03125E-1	7.19379E+1
1.94336E-1	7.19799E+1
2.00195E-1	7.20189E+1
1.88477E-1	7.20617E+1
1.91406E-1	7.21015E+1
1.86523E-1	7.21414E+1
1.90430E-1	7.21847E+1
1.79687E-1	7.22257E+1
1.82617E-1	7.22678E+1
1.76758E-1	7.23099E+1
1.75781E-1	7.23509E+1
1.69922E-1	7.23949E+1
1.66016E-1	7.24359E+1
1.71875E-1	7.24779E+1
1.66016E-1	7.25207E+1
1.54297E-1	7.25607E+1
1.57227E-1	7.26013E+1
1.52344E-1	7.26411E+1
1.54297E-1	7.26808E+1
1.50391E-1	7.27206E+1
1.39648E-1	7.27611E+1
1.41602E-1	7.28031E+1
1.36719E-1	7.28440E+1
1.35742E-1	7.28851E+1
1.34766E-1	7.29252E+1
1.34766E-1	7.29660E+1
1.35742E-1	7.30068E+1
1.24023E-1	7.30487E+1
1.26953E-1	7.30904E+1
1.27930E-1	7.31296E+1
1.31836E-1	7.31717E+1
1.24023E-1	7.32128E+1
1.33789E-1	7.32561E+1
1.28906E-1	7.32960E+1
1.31836E-1	7.33370E+1
1.21094E-1	7.33770E+1
1.22070E-1	7.34157E+1
1.19141E-1	7.34578E+1
1.17187E-1	7.35004E+1
1.12305E-1	7.35413E+1
1.05469E-1	7.35817E+1
1.11328E-1	7.36224E+1
1.02539E-1	7.36619E+1
1.09375E-1	7.37041E+1
1.05469E-1	7.37449E+1
1.12305E-1	7.37868E+1
1.07422E-1	7.38260E+1
1.03516E-1	7.38666E+1
1.05469E-1	7.39085E+1
1.02539E-1	7.39496E+1
1.01562E-1	7.39919E+1
1.07422E-1	7.40328E+1
1.09375E-1	7.40748E+1
1.08398E-1	7.41149E+1
1.06445E-1	7.41548E+1
1.10352E-1	7.41957E+1
1.10352E-1	7.42403E+1
1.03516E-1	7.42803E+1
1.11328E-1	7.43209E+1
1.07422E-1	7.43629E+1
1.10352E-1	7.44059E+1
1.12305E-1	7.44472E+1
1.17187E-1	7.44886E+1
1.16211E-1	7.45283E+1
1.20117E-1	7.45723E+1
1.17187E-1	7.46123E+1
1.23047E-1	7.46520E+1
1.25000E-1	7.46950E+1
1.24023E-1	7.47371E+1
1.26953E-1	7.47785E+1
1.29883E-1	7.48190E+1
1.35742E-1	7.48560E+1
1.29883E-1	7.48982E+1
1.39648E-1	7.49371E+1
1.36719E-1	7.49768E+1
1.44531E-1	7.50183E+1
1.42578E-1	7.50583E+1
1.44531E-1	7.51008E+1
1.46484E-1	7.51421E+1
1.45508E-1	7.51817E+1
1.49414E-1	7.52226E+1
1.51367E-1	7.52646E+1
1.49414E-1	7.53066E+1
1.52344E-1	7.53465E+1
1.51367E-1	7.53866E+1
1.54297E-1	7.54287E+1
1.59180E-1	7.54685E+1
1.62109E-1	7.55071E+1
1.58203E-1	7.55451E+1
1.65039E-1	7.55881E+1
1.59180E-1	7.56270E+1
1.67969E-1	7.56689E+1
1.62109E-1	7.57079E+1
1.68945E-1	7.57497E+1
1.66016E-1	7.57907E+1
1.66016E-1	7.58311E+1
1.70898E-1	7.58698E+1
1.66992E-1	7.59110E+1
1.74805E-1	7.59506E+1
1.74805E-1	7.59896E+1
1.74805E-1	7.60323E+1
1.78711E-1	7.60720E+1
1.76758E-1	7.61110E+1
1.81641E-1	7.61527E+1
1.76758E-1	7.61936E+1
1.80664E-1	7.62356E+1
1.74805E-1	7.62760E+1
1.78711E-1	7.63164E+1
1.79687E-1	7.63586E+1
1.81641E-1	7.63985E+1
1.81641E-1	7.64395E+1
1.77734E-1	7.64809E+1
1.79687E-1	7.65220E+1
1.78711E-1	7.65650E+1
1.79687E-1	7.66066E+1
1.81641E-1	7.66483E+1
1.79687E-1	7.66925E+1
1.80664E-1	7.67301E+1
1.84570E-1	7.67701E+1
1.81641E-1	7.68091E+1
1.80664E-1	7.68489E+1
1.82617E-1	7.68879E+1
1.76758E-1	7.69292E+1
1.83594E-1	7.69710E+1
1.78711E-1	7.70095E+1
1.74805E-1	7.70498E+1
1.79687E-1	7.70879E+1
1.78711E-1	7.71289E+1
1.81641E-1	7.71676E+1
1.75781E-1	7.72075E+1
1.76758E-1	7.72479E+1
1.76758E-1	7.72869E+1
1.73828E-1	7.73297E+1
1.76758E-1	7.73700E+1
1.74805E-1	7.74080E+1
1.72852E-1	7.74474E+1
1.69922E-1	7.74886E+1
1.69922E-1	7.75305E+1
1.73828E-1	7.75706E+1
1.66016E-1	7.76119E+1
1.66992E-1	7.76514E+1
1.66016E-1	7.76937E+1
1.68945E-1	7.77324E+1
1.64062E-1	7.77725E+1
1.64062E-1	7.78125E+1
1.60156E-1	7.78546E+1
1.56250E-1	7.78946E+1
1.55273E-1	7.79374E+1
1.49414E-1	7.79774E+1
1.49414E-1	7.80181E+1
1.48437E-1	7.80587E+1
1.46484E-1	7.81013E+1
1.43555E-1	7.81421E+1
1.38672E-1	7.81812E+1
1.43555E-1	7.82212E+1
1.32812E-1	7.82602E+1
1.37695E-1	7.82995E+1
1.30859E-1	7.83406E+1
1.30859E-1	7.83805E+1
1.27930E-1	7.84216E+1
1.22070E-1	7.84626E+1
1.23047E-1	7.85017E+1
1.23047E-1	7.85387E+1
1.13281E-1	7.85765E+1
1.15234E-1	7.86173E+1
1.06445E-1	7.86603E+1
1.12305E-1	7.87001E+1
1.05469E-1	7.87402E+1
1.06445E-1	7.87794E+1
1.01562E-1	7.88221E+1
1.00586E-1	7.88643E+1
9.57031E-2	7.89046E+1
9.17969E-2	7.89455E+1
9.37500E-2	7.89845E+1
8.98437E-2	7.90239E+1
8.59375E-2	7.90661E+1
8.49609E-2	7.91080E+1
8.69141E-2	7.91492E+1
8.20312E-2	7.91919E+1
8.00781E-2	7.92338E+1
7.61719E-2	7.92736E+1
7.61719E-2	7.93146E+1
8.00781E-2	7.93536E+1
7.03125E-2	7.93920E+1
7.42187E-2	7.94331E+1
6.93359E-2	7.94736E+1
7.03125E-2	7.95153E+1
6.64062E-2	7.95553E+1
6.73828E-2	7.95963E+1
6.54297E-2	7.96373E+1
6.05469E-2	7.96763E+1
6.34766E-2	7.97193E+1
6.05469E-2	7.97603E+1
6.25000E-2	7.98003E+1
5.85937E-2	7.98419E+1
6.05469E-2	7.98810E+1
5.76172E-2	7.99253E+1
5.95703E-2	7.99648E+1
5.46875E-2	8.00079E+1
5.85937E-2	8.00484E+1
6.25000E-2	8.00880E+1
5.66406E-2	8.01277E+1
5.76172E-2	8.01691E+1
5.37109E-2	8.02103E+1
6.05469E-2	8.02483E+1
6.05469E-2	8.02883E+1
5.76172E-2	8.03272E+1
6.25000E-2	8.03701E+1
5.95703E-2	8.04098E+1
5.85937E-2	8.04508E+1
5.76172E-2	8.04939E+1
6.05469E-2	8.05367E+1
5.95703E-2	8.05767E+1
6.44531E-2	8.06138E+1
6.44531E-2	8.06554E+1
6.73828E-2	8.06973E+1
6.44531E-2	8.07392E+1
7.22656E-2	8.07812E+1
6.73828E-2	8.08241E+1
7.61719E-2	8.08661E+1
6.93359E-2	8.09071E+1
7.61719E-2	8.09471E+1
7.42187E-2	8.09886E+1
7.61719E-2	8.10297E+1
8.30078E-2	8.10674E+1
8.00781E-2	8.11060E+1
8.98437E-2	8.11487E+1
8.49609E-2	8.11892E+1
8.59375E-2	8.12272E+1
9.57031E-2	8.12669E+1
9.76562E-2	8.13097E+1
9.86328E-2	8.13519E+1
9.66797E-2	8.13939E+1
1.04492E-1	8.14329E+1
1.05469E-1	8.14734E+1
1.08398E-1	8.15171E+1
1.07422E-1	8.15613E+1
1.12305E-1	8.16008E+1
1.12305E-1	8.16417E+1
1.17187E-1	8.16848E+1
1.15234E-1	8.17219E+1
1.18164E-1	8.17593E+1
1.22070E-1	8.18013E+1
1.20117E-1	8.18403E+1
1.20117E-1	8.18833E+1
1.18164E-1	8.19261E+1
1.21094E-1	8.19671E+1
1.24023E-1	8.20071E+1
1.22070E-1	8.20470E+1
1.30859E-1	8.20872E+1
1.28906E-1	8.21271E+1
1.31836E-1	8.21687E+1
1.21094E-1	8.22089E+1
1.35742E-1	8.22479E+1
1.28906E-1	8.22866E+1
1.31836E-1	8.23309E+1
1.33789E-1	8.23710E+1
1.34766E-1	8.24109E+1
1.34766E-1	8.24530E+1
1.29883E-1	8.24948E+1
1.28906E-1	8.25372E+1
1.26953E-1	8.25793E+1
1.33789E-1	8.26177E+1
1.30859E-1	8.26575E+1
1.40625E-1	8.26972E+1
1.34766E-1	8.27377E+1
1.34766E-1	8.27775E+1
1.34766E-1	8.28182E+1
1.27930E-1	8.28591E+1
1.31836E-1	8.28993E+1
1.33789E-1	8.29384E+1
1.30859E-1	8.29794E+1
1.34766E-1	8.30213E+1
1.29883E-1	8.30632E+1
1.20117E-1	8.31022E+1
1.20117E-1	8.31452E+1
1.19141E-1	8.31862E+1
1.16211E-1	8.32272E+1
1.17187E-1	8.32659E+1
1.19141E-1	8.33079E+1
1.18164E-1	8.33490E+1
1.14258E-1	8.33883E+1
1.15234E-1	8.34292E+1
1.16211E-1	8.34679E+1
1.12305E-1	8.35073E+1
1.13281E-1	8.35475E+1
1.10352E-1	8.35868E+1
1.10352E-1	8.36288E+1
1.08398E-1	8.36675E+1
1.05469E-1	8.37105E+1
1.06445E-1	8.37529E+1
1.02539E-1	8.37968E+1
1.04492E-1	8.38356E+1
1.02539E-1	8.38776E+1
1.03516E-1	8.39203E+1
1.02539E-1	8.39627E+1
1.03516E-1	8.40017E+1
9.66797E-2	8.40420E+1
9.96094E-2	8.40831E+1
9.37500E-2	8.41251E+1
9.76562E-2	8.41658E+1
9.27734E-2	8.42055E+1
9.47266E-2	8.42474E+1
8.59375E-2	8.42899E+1
8.49609E-2	8.43272E+1
8.78906E-2	8.43673E+1
8.49609E-2	8.44090E+1
8.49609E-2	8.44503E+1
8.10547E-2	8.44933E+1
8.00781E-2	8.45342E+1
7.91016E-2	8.45745E+1
8.49609E-2	8.46146E+1
7.91016E-2	8.46523E+1
7.22656E-2	8.46934E+1
7.51953E-2	8.47351E+1
6.83594E-2	8.47748E+1
7.22656E-2	8.48154E+1
6.44531E-2	8.48544E+1
6.93359E-2	8.48956E+1
6.05469E-2	8.49365E+1
5.95703E-2	8.49769E+1
6.34766E-2	8.50168E+1
5.95703E-2	8.50589E+1
5.85937E-2	8.51002E+1
5.27344E-2	8.51410E+1
5.46875E-2	8.51817E+1
5.07812E-2	8.52244E+1
4.98047E-2	8.52641E+1
4.49219E-2	8.53051E+1
5.17578E-2	8.53451E+1
5.07812E-2	8.53858E+1
3.90625E-2	8.54278E+1
3.90625E-2	8.54669E+1
4.00391E-2	8.55052E+1
4.19922E-2	8.55493E+1
3.22266E-2	8.55889E+1
4.00391E-2	8.56310E+1
3.61328E-2	8.56699E+1
3.32031E-2	8.57095E+1
3.32031E-2	8.57511E+1
2.83203E-2	8.57937E+1
3.51562E-2	8.58328E+1
2.73437E-2	8.58723E+1
3.02734E-2	8.59134E+1
2.73437E-2	8.59564E+1
2.83203E-2	8.59973E+1
2.63672E-2	8.60384E+1
2.44141E-2	8.60754E+1
2.73437E-2	8.61169E+1
2.24609E-2	8.61595E+1
2.73437E-2	8.61996E+1
2.34375E-2	8.62404E+1
2.63672E-2	8.62784E+1
2.14844E-2	8.63204E+1
2.44141E-2	8.63624E+1
2.73437E-2	8.64004E+1
2.14844E-2	8.64399E+1
2.83203E-2	8.64814E+1
2.24609E-2	8.65203E+1
2.63672E-2	8.65614E+1
2.73437E-2	8.66021E+1
2.44141E-2	8.66421E+1
3.02734E-2	8.66840E+1
2.92969E-2	8.67248E+1
3.02734E-2	8.67687E+1
2.73437E-2	8.68075E+1
3.02734E-2	8.68472E+1
2.92969E-2	8.68880E+1
3.22266E-2	8.69309E+1
2.92969E-2	8.69731E+1
3.22266E-2	8.70181E+1
2.83203E-2	8.70611E+1
3.32031E-2	8.71011E+1
3.32031E-2	8.71419E+1
3.71094E-2	8.71829E+1
3.41797E-2	8.72215E+1
3.80859E-2	8.72630E+1
3.61328E-2	8.73061E+1
3.71094E-2	8.73467E+1
3.90625E-2	8.73871E+1
4.19922E-2	8.74281E+1
4.10156E-2	8.74685E+1
4.10156E-2	8.75095E+1
4.68750E-2	8.75516E+1
4.19922E-2	8.75903E+1
4.68750E-2	8.76319E+1
4.58984E-2	8.76732E+1
4.98047E-2	8.77152E+1
4.78516E-2	8.77552E+1
4.68750E-2	8.77938E+1
5.17578E-2	8.78326E+1
4.98047E-2	8.78715E+1
5.17578E-2	8.79112E+1
5.56641E-2	8.79503E+1
5.56641E-2	8.79886E+1
5.85937E-2	8.80303E+1
5.46875E-2	8.80683E+1
5.46875E-2	8.81098E+1
6.05469E-2	8.81491E+1
5.56641E-2	8.81901E+1
6.25000E-2	8.82301E+1
6.05469E-2	8.82693E+1
6.05469E-2	8.83133E+1
5.95703E-2	8.83563E+1
6.05469E-2	8.83973E+1
5.95703E-2	8.84403E+1
5.95703E-2	8.84775E+1
6.44531E-2	8.85175E+1
5.85937E-2	8.85565E+1
6.44531E-2	8.85984E+1
6.15234E-2	8.86393E+1
6.54297E-2	8.86795E+1
6.25000E-2	8.87208E+1
6.64062E-2	8.87615E+1
6.25000E-2	8.88043E+1
6.34766E-2	8.88472E+1
6.15234E-2	8.88864E+1
6.64062E-2	8.89291E+1
6.15234E-2	8.89700E+1
6.05469E-2	8.90143E+1
6.05469E-2	8.90569E+1
6.25000E-2	8.90948E+1
6.05469E-2	8.91365E+1
5.95703E-2	8.91762E+1
5.76172E-2	8.92189E+1
6.05469E-2	8.92609E+1
6.05469E-2	8.92989E+1
5.76172E-2	8.93389E+1
6.05469E-2	8.93789E+1
5.85937E-2	8.94209E+1
5.76172E-2	8.94608E+1
5.66406E-2	8.95045E+1
5.95703E-2	8.95472E+1
5.27344E-2	8.95885E+1
5.76172E-2	8.96275E+1
5.85937E-2	8.96702E+1
5.46875E-2	8.97092E+1
5.85937E-2	8.97511E+1
4.98047E-2	8.97889E+1
5.27344E-2	8.98279E+1
5.66406E-2	8.98673E+1
4.88281E-2	8.99093E+1
4.98047E-2	8.99523E+1
4.88281E-2	8.99933E+1
4.98047E-2	9.00356E+1
4.78516E-2	9.00770E+1
4.68750E-2	9.01191E+1
4.68750E-2	9.01605E+1
4.78516E-2	9.02031E+1
4.39453E-2	9.02428E+1
4.39453E-2	9.02834E+1
4.19922E-2	9.03254E+1
4.10156E-2	9.03649E+1
4.00391E-2	9.04090E+1
4.10156E-2	9.04508E+1
3.51562E-2	9.04920E+1
4.39453E-2	9.05335E+1
3.61328E-2	9.05741E+1
4.00391E-2	9.06131E+1
4.10156E-2	9.06511E+1
3.61328E-2	9.06904E+1
3.41797E-2	9.07339E+1
3.12500E-2	9.07740E+1
3.41797E-2	9.08150E+1
3.22266E-2	9.08542E+1
2.83203E-2	9.08945E+1
3.02734E-2	9.09364E+1
2.34375E-2	9.09754E+1
2.73437E-2	9.10160E+1
2.24609E-2	9.10542E+1
2.34375E-2	9.10941E+1
2.05078E-2	9.11382E+1
1.85547E-2	9.11787E+1
1.95312E-2	9.12174E+1
1.56250E-2	9.12574E+1
2.24609E-2	9.12978E+1
2.05078E-2	9.13398E+1
1.75781E-2	9.13818E+1
1.17187E-2	9.14243E+1
1.85547E-2	9.14659E+1
1.66016E-2	9.15047E+1
1.75781E-2	9.15457E+1
1.36719E-2	9.15875E+1
1.85547E-2	9.16306E+1
1.36719E-2	9.16710E+1
1.07422E-2	9.17110E+1
1.46484E-2	9.17494E+1
1.07422E-2	9.17920E+1
1.56250E-2	9.18321E+1
1.07422E-2	9.18724E+1
1.46484E-2	9.19155E+1
9.76562E-3	9.19571E+1
1.26953E-2	9.19990E+1
7.81250E-3	9.20413E+1
1.17187E-2	9.20824E+1
7.81250E-3	9.21223E+1
8.78906E-3	9.21642E+1
9.76562E-3	9.22027E+1
5.85937E-3	9.22440E+1
7.81250E-3	9.22830E+1
4.88281E-3	9.23248E+1
6.83594E-3	9.23668E+1
5.85937E-3	9.24058E+1
7.81250E-3	9.24467E+1
8.78906E-3	9.24852E+1
8.78906E-3	9.25275E+1
8.78906E-3	9.25702E+1
6.83594E-3	9.26096E+1
6.83594E-3	9.26533E+1
5.85937E-3	9.26953E+1
8.78906E-3	9.27373E+1
5.85937E-3	9.27771E+1
9.76562E-3	9.28171E+1
4.88281E-3	9.28577E+1
4.88281E-3	9.28996E+1
4.88281E-3	9.29416E+1
8.78906E-3	9.29815E+1
4.88281E-3	9.30239E+1
7.81250E-3	9.30648E+1
4.88281E-3	9.31049E+1
8.78906E-3	9.31463E+1
9.76562E-3	9.31874E+1
4.88281E-3	9.32274E+1
7.81250E-3	9.32663E+1
9.76562E-3	9.33064E+1
1.07422E-2	9.33481E+1
7.81250E-3	9.33874E+1
1.07422E-2	9.34300E+1
9.76562E-3	9.34708E+1
1.17187E-2	9.35129E+1
9.76562E-3	9.35511E+1
1.07422E-2	9.35922E+1
1.26953E-2	9.36342E+1
7.81250E-3	9.36751E+1
1.17187E-2	9.37140E+1
1.17187E-2	9.37532E+1
1.36719E-2	9.37960E+1
1.07422E-2	9.38375E+1
1.26953E-2	9.38813E+1
8.78906E-3	9.39235E+1
1.07422E-2	9.39635E+1
9.76562E-3	9.40072E+1
1.66016E-2	9.40483E+1
1.17187E-2	9.40881E+1
1.66016E-2	9.41312E+1
1.36719E-2	9.41712E+1
1.36719E-2	9.42127E+1
1.56250E-2	9.42522E+1
1.36719E-2	9.42952E+1
1.85547E-2	9.43352E+1
1.17187E-2	9.43758E+1
2.05078E-2	9.44169E+1
1.66016E-2	9.44573E+1
1.95312E-2	9.44981E+1
1.66016E-2	9.45381E+1
1.95312E-2	9.45810E+1
1.95312E-2	9.46240E+1
2.14844E-2	9.46660E+1
1.95312E-2	9.47071E+1
1.95312E-2	9.47475E+1
2.05078E-2	9.47885E+1
1.85547E-2	9.48295E+1
2.34375E-2	9.48690E+1
2.05078E-2	9.49109E+1
2.24609E-2	9.49503E+1
2.14844E-2	9.49903E+1
2.05078E-2	9.50305E+1
2.44141E-2	9.50695E+1
1.95312E-2	9.51065E+1
2.34375E-2	9.51471E+1
2.44141E-2	9.51891E+1
1.85547E-2	9.52274E+1
2.44141E-2	9.52672E+1
1.85547E-2	9.53063E+1
1.85547E-2	9.53453E+1
2.24609E-2	9.53863E+1
2.14844E-2	9.54269E+1
2.05078E-2	9.54665E+1
1.56250E-2	9.55092E+1
1.85547E-2	9.55480E+1
2.05078E-2	9.55870E+1
1.95312E-2	9.56299E+1
2.34375E-2	9.56708E+1
1.85547E-2	9.57104E+1
1.85547E-2	9.57521E+1
1.56250E-2	9.57942E+1
2.14844E-2	9.58352E+1
1.56250E-2	9.58750E+1
1.95312E-2	9.59150E+1
1.46484E-2	9.59550E+1
1.75781E-2	9.59967E+1
1.75781E-2	9.60377E+1
1.36719E-2	9.60773E+1
1.56250E-2	9.61208E+1
1.66016E-2	9.61615E+1
1.56250E-2	9.62063E+1
1.36719E-2	9.62478E+1
1.75781E-2	9.62875E+1
1.07422E-2	9.63271E+1
1.36719E-2	9.63701E+1
9.76562E-3	9.64101E+1
1.17187E-2	9.64486E+1
1.46484E-2	9.64863E+1
9.76562E-3	9.65253E+1
1.36719E-2	9.65663E+1
1.07422E-2	9.66073E+1
9.76562E-3	9.66471E+1
1.17187E-2	9.66871E+1
7.81250E-3	9.67285E+1
1.07422E-2	9.67715E+1
6.83594E-3	9.68104E+1
6.83594E-3	9.68525E+1
6.83594E-3	9.68917E+1
6.83594E-3	9.69309E+1
8.78906E-3	9.69698E+1
5.85937E-3	9.70089E+1
6.83594E-3	9.70527E+1
5.85937E-3	9.70936E+1
7.81250E-3	9.71327E+1
6.83594E-3	9.71726E+1
3.90625E-3	9.72138E+1
4.88281E-3	9.72532E+1
3.90625E-3	9.72921E+1
3.90625E-3	9.73318E+1
3.90625E-3	9.73719E+1
4.88281E-3	9.74154E+1
3.90625E-3	9.74555E+1
2.92969E-3	9.74981E+1
3.90625E-3	9.75388E+1
0.00000E+0	9.75771E+1
5.85937E-3	9.76160E+1
1.95312E-3	9.76571E+1
2.92969E-3	9.76993E+1
6.83594E-3	9.77415E+1
1.95312E-3	9.77806E+1
0.00000E+0	9.78205E+1
1.95312E-3	9.78613E+1
2.92969E-3	9.79013E+1
9.76562E-4	9.79420E+1
0.00000E+0	9.79827E+1
9.76562E-4	9.80206E+1
0.00000E+0	9.80587E+1
1.95312E-3	9.80982E+1
3.90625E-3	9.81396E+1
2.92969E-3	9.81790E+1
9.76562E-4	9.82191E+1
9.76562E-4	9.82625E+1
4.88281E-3	9.83015E+1
2.92969E-3	9.83405E+1
9.76562E-4	9.83809E+1
4.88281E-3	9.84242E+1
1.95312E-3	9.84653E+1
9.76562E-4	9.85044E+1
9.76562E-4	9.85454E+1
1.95312E-3	9.85863E+1
9.76562E-4	9.86272E+1
9.76562E-4	9.86695E+1
9.76562E-4	9.87145E+1
1.95312E-3	9.87562E+1
0.00000E+0	9.87983E+1
9.76562E-4	9.88373E+1
9.76562E-4	9.88790E+1
3.90625E-3	9.89174E+1
1.95312E-3	9.89585E+1
1.95312E-3	9.89989E+1
9.76562E-4	9.90396E+1
2.92969E-3	9.90797E+1
2.92969E-3	9.91193E+1
0.00000E+0	9.91601E+1
3.90625E-3	9.92011E+1
1.95312E-3	9.92421E+1
0.00000E+0	9.92825E+1
0.00000E+0	9.93203E+1
9.76562E-4	9.93591E+1
4.88281E-3	9.94011E+1
9.76562E-4	9.94410E+1
9.76562E-4	9.94831E+1
2.92969E-3	9.95230E+1
0.00000E+0	9.95651E+1
9.76562E-4	9.96050E+1
2.92969E-3	9.96461E+1
0.00000E+0	9.96871E+1
1.95312E-3	9.97299E+1
9.76562E-4	9.97703E+1
3.90625E-3	9.98093E+1
2.92969E-3	9.98477E+1
4.88281E-3	9.98886E+1
1.95312E-3	9.99307E+1
3.90625E-3	9.99725E+1
1.95312E-3	1.00014E+2
2.92969E-3	1.00054E+2
1.95312E-3	1.00094E+2
2.92969E-3	1.00135E+2
1.95312E-3	1.00178E+2
3.90625E-3	1.00220E+2
3.90625E-3	1.00261E+2
5.85937E-3	1.00302E+2
1.95312E-3	1.00342E+2
3.90625E-3	1.00385E+2
2.92969E-3	1.00424E+2
2.92969E-3	1.00464E+2
4.88281E-3	1.00505E+2
6.83594E-3	1.00544E+2
4.88281E-3	1.00584E+2
5.85937E-3	1.00626E+2
6.83594E-3	1.00668E+2
4.88281E-3	1.00706E+2
2.92969E-3	1.00747E+2
5.85937E-3	1.00785E+2
2.92969E-3	1.00827E+2
1.95312E-3	1.00867E+2
1.95312E-3	1.00905E+2
2.92969E-3	1.00948E+2
4.88281E-3	1.00987E+2
1.95312E-3	1.01028E+2
4.88281E-3	1.01072E+2
2.92969E-3	1.01112E+2
6.83594E-3	1.01154E+2
5.85937E-3	1.01192E+2
1.95312E-3	1.01231E+2
4.88281E-3	1.01271E+2
4.88281E-3	1.01310E+2
3.90625E-3	1.01350E+2
3.90625E-3	1.01389E+2
3.90625E-3	1.01431E+2
5.85937E-3	1.01470E+2
3.90625E-3	1.01511E+2
2.92969E-3	1.01552E+2
3.90625E-3	1.01591E+2
2.92969E-3	1.01631E+2
6.83594E-3	1.01672E+2
6.83594E-3	1.01710E+2
2.92969E-3	1.01751E+2
4.88281E-3	1.01794E+2
2.92969E-3	1.01833E+2
5.85937E-3	1.01875E+2
1.95312E-3	1.01916E+2
4.88281E-3	1.01952E+2
5.85937E-3	1.01994E+2
2.92969E-3	1.02035E+2
4.88281E-3	1.02075E+2
2.92969E-3	1.02114E+2
1.95312E-3	1.02150E+2
1.95312E-3	1.02190E+2
1.95312E-3	1.02230E+2
4.88281E-3	1.02271E+2
3.90625E-3	1.02311E+2
4.88281E-3	1.02355E+2
9.76562E-4	1.02395E+2
5.85937E-3	1.02438E+2
2.92969E-3	1.02479E+2
2.92969E-3	1.02522E+2
2.92969E-3	1.02567E+2
2.92969E-3	1.02609E+2
9.76562E-4	1.02650E+2
2.92969E-3	1.02690E+2
1.95312E-3	1.02731E+2
9.76562E-4	1.02772E+2
2.92969E-3	1.02814E+2
2.92969E-3	1.02853E+2
3.90625E-3	1.02894E+2
3.90625E-3	1.02935E+2
3.90625E-3	1.02976E+2
1.95312E-3	1.03016E+2
1.95312E-3	1.03054E+2
3.90625E-3	1.03092E+2
9.76562E-4	1.03134E+2
2.92969E-3	1.03176E+2
0.00000E+0	1.03219E+2
2.92969E-3	1.03258E+2
9.76562E-4	1.03297E+2
3.90625E-3	1.03339E+2
4.88281E-3	1.03379E+2
1.95312E-3	1.03417E+2
1.95312E-3	1.03457E+2
1.95312E-3	1.03498E+2
1.95312E-3	1.03539E+2
1.95312E-3	1.03577E+2
0.00000E+0	1.03615E+2
0.00000E+0	1.03651E+2
9.76562E-4	1.03692E+2
2.92969E-3	1.03732E+2
1.95312E-3	1.03774E+2
9.76562E-4	1.03814E+2
1.95312E-3	1.03855E+2
0.00000E+0	1.03897E+2
1.95312E-3	1.03935E+2
2.92969E-3	1.03977E+2
0.00000E+0	1.04019E+2
3.90625E-3	1.04058E+2
2.92969E-3	1.04096E+2
0.00000E+0	1.04135E+2
9.76562E-4	1.04173E+2
9.76562E-4	1.04219E+2
1.95312E-3	1.04257E+2
0.00000E+0	1.04298E+2
1.95312E-3	1.04335E+2
0.00000E+0	1.04374E+2
2.92969E-3	1.04414E+2
0.00000E+0	1.04453E+2
1.95312E-3	1.04492E+2
9.76562E-4	1.04534E+2
0.00000E+0	1.04574E+2
9.76562E-4	1.04615E+2
1.95312E-3	1.04654E+2
1.95312E-3	1.04694E+2
9.76562E-4	1.04733E+2
9.76562E-4	1.04773E+2
1.95312E-3	1.04811E+2
0.00000E+0	1.04852E+2
2.92969E-3	1.04894E+2
9.76562E-4	1.04934E+2
2.92969E-3	1.04976E+2
9.76562E-4	1.05017E+2
1.95312E-3	1.05056E+2
0.00000E+0	1.05099E+2
4.88281E-3	1.05138E+2
3.90625E-3	1.05180E+2
0.00000E+0	1.05219E+2
2.92969E-3	1.05261E+2
0.00000E+0	1.05301E+2
9.76562E-4	1.05343E+2
9.76562E-4	1.05383E+2
0.00000E+0	1.05426E+2
0.00000E+0	1.05466E+2
9.76562E-4	1.05504E+2
1.95312E-3	1.05544E+2
9.76562E-4	1.05586E+2
3.90625E-3	1.05623E+2
1.95312E-3	1.05663E+2
0.00000E+0	1.05703E+2
0.00000E+0	1.05742E+2
9.76562E-4	1.05782E+2
1.95312E-3	1.05822E+2
2.92969E-3	1.05861E+2
2.92969E-3	1.05904E+2
2.92969E-3	1.05944E+2
9.76562E-4	1.05986E+2
1.95312E-3	1.06026E+2
0.00000E+0	1.06066E+2
3.90625E-3	1.06107E+2
1.95312E-3	1.06148E+2
2.92969E-3	1.06191E+2
1.95312E-3	1.06230E+2
9.76562E-4	1.06271E+2
0.00000E+0	1.06308E+2
0.00000E+0	1.06350E+2
4.88281E-3	1.06390E+2
1.95312E-3	1.06430E+2
0.00000E+0	1.06471E+2
0.00000E+0	1.06509E+2
1.95312E-3	1.06551E+2
9.76562E-4	1.06594E+2
9.76562E-4	1.06632E+2
9.76562E-4	1.06671E+2
9.76562E-4	1.06711E+2
1.95312E-3	1.06751E+2
0.00000E+0	1.06792E+2
9.76562E-4	1.06834E+2
2.92969E-3	1.06874E+2
9.76562E-4	1.06915E+2
2.92969E-3	1.06956E+2
1.95312E-3	1.06997E+2
0.00000E+0	1.07037E+2
3.90625E-3	1.07077E+2
0.00000E+0	1.07117E+2
2.92969E-3	1.07157E+2
1.95312E-3	1.07199E+2
9.76562E-4	1.07238E+2
9.76562E-4	1.07282E+2
0.00000E+0	1.07321E+2
0.00000E+0	1.07360E+2
0.00000E+0	1.07400E+2
2.92969E-3	1.07440E+2
0.00000E+0	1.07482E+2
9.76562E-4	1.07521E+2
1.95312E-3	1.07563E+2
0.00000E+0	1.07602E+2
2.92969E-3	1.07642E+2
3.90625E-3	1.07681E+2
2.92969E-3	1.07719E+2
0.00000E+0	1.07760E+2
0.00000E+0	1.07800E+2
1.95312E-3	1.07841E+2
1.95312E-3	1.07881E+2
1.95312E-3	1.07922E+2
1.95312E-3	1.07962E+2
1.95312E-3	1.08003E+2
3.90625E-3	1.08042E+2
0.00000E+0	1.08082E+2
9.76562E-4	1.08122E+2
3.90625E-3	1.08160E+2
2.92969E-3	1.08199E+2
0.00000E+0	1.08237E+2
1.95312E-3	1.08277E+2
1.95312E-3	1.08319E+2
1.95312E-3	1.08360E+2
0.00000E+0	1.08400E+2
9.76562E-4	1.08440E+2
0.00000E+0	1.08479E+2
9.76562E-4	1.08517E+2
3.90625E-3	1.08556E+2
1.95312E-3	1.08596E+2
2.92969E-3	1.08641E+2
3.90625E-3	1.08681E+2
2.92969E-3	1.08721E+2
0.00000E+0	1.08761E+2
1.95312E-3	1.08801E+2
2.92969E-3	1.08842E+2
2.92969E-3	1.08881E+2
1.95312E-3	1.08924E+2
2.92969E-3	1.08965E+2
9.76562E-4	1.09004E+2
0.00000E+0	1.09044E+2
0.00000E+0	1.09082E+2
1.95312E-3	1.09123E+2
4.88281E-3	1.09162E+2
1.95312E-3	1.09204E+2
9.76562E-4	1.09244E+2
0.00000E+0	1.09284E+2
9.76562E-4	1.09323E+2
4.88281E-3	1.09363E+2
9.76562E-4	1.09402E+2
9.76562E-4	1.09442E+2
4.88281E-3	1.09482E+2
1.95312E-3	1.09522E+2
9.76562E-4	1.09561E+2
1.95312E-3	1.09602E+2
1.95312E-3	1.09640E+2
2.92969E-3	1.09681E+2
9.76562E-4	1.09720E+2
2.92969E-3	1.09762E+2
1.95312E-3	1.09803E+2
1.95312E-3	1.09843E+2
9.76562E-4	1.09885E+2
9.76562E-4	1.09926E+2
9.76562E-4	1.09966E+2
9.76562E-4	1.10007E+2
4.88281E-3	1.10045E+2
2.92969E-3	1.10086E+2
1.95312E-3	1.10128E+2
1.95312E-3	1.10169E+2
3.90625E-3	1.10207E+2
9.76562E-4	1.10250E+2
9.76562E-4	1.10294E+2
1.95312E-3	1.10335E+2
4.88281E-3	1.10376E+2
2.92969E-3	1.10414E+2
2.92969E-3	1.10453E+2
1.95312E-3	1.10492E+2
9.76562E-4	1.10533E+2
3.90625E-3	1.10574E+2
2.92969E-3	1.10613E+2
9.76562E-4	1.10653E+2
2.92969E-3	1.10691E+2
1.95312E-3	1.10732E+2
3.90625E-3	1.10773E+2
4.88281E-3	1.10813E+2
1.95312E-3	1.10852E+2
5.85937E-3	1.10891E+2
5.85937E-3	1.10931E+2
1.95312E-3	1.10970E+2
1.95312E-3	1.11010E+2
2.92969E-3	1.11055E+2
2.92969E-3	1.11093E+2
9.76562E-4	1.11133E+2
1.95312E-3	1.11174E+2
2.92969E-3	1.11216E+2
4.88281E-3	1.11258E+2
4.88281E-3	1.11297E+2
2.92969E-3	1.11336E+2
2.92969E-3	1.11375E+2
1.95312E-3	1.11417E+2
2.92969E-3	1.11457E+2
2.92969E-3	1.11496E+2
9.76562E-4	1.11535E+2
3.90625E-3	1.11574E+2
9.76562E-4	1.11615E+2
2.92969E-3	1.11657E+2
1.95312E-3	1.11700E+2
4.88281E-3	1.11741E+2
2.92969E-3	1.11781E+2
2.92969E-3	1.11823E+2
1.95312E-3	1.11866E+2
9.76562E-4	1.11910E+2
9.76562E-4	1.11950E+2
4.88281E-3	1.11988E+2
1.95312E-3	1.12030E+2
3.90625E-3	1.12073E+2
1.95312E-3	1.12114E+2
2.92969E-3	1.12156E+2
4.88281E-3	1.12197E+2
2.92969E-3	1.12239E+2
3.90625E-3	1.12280E+2
1.95312E-3	1.12320E+2
1.95312E-3	1.12361E+2
1.95312E-3	1.12403E+2
1.95312E-3	1.12444E+2
1.95312E-3	1.12481E+2
2.92969E-3	1.12523E+2
2.92969E-3	1.12564E+2
1.95312E-3	1.12604E+2
0.00000E+0	1.12644E+2
4.88281E-3	1.12682E+2
9.76562E-4	1.12721E+2
1.95312E-3	1.12760E+2
9.76562E-4	1.12800E+2
3.90625E-3	1.12841E+2
4.88281E-3	1.12881E+2
9.76562E-4	1.12921E+2
0.00000E+0	1.12961E+2
9.76562E-4	1.13001E+2
9.76562E-4	1.13042E+2
9.76562E-4	1.13082E+2
2.92969E-3	1.13124E+2
2.92969E-3	1.13163E+2
1.95312E-3	1.13204E+2
2.92969E-3	1.13246E+2
0.00000E+0	1.13288E+2
1.95312E-3	1.13328E+2
0.00000E+0	1.13370E+2
2.92969E-3	1.13409E+2
9.76562E-4	1.13450E+2
9.76562E-4	1.13491E+2
9.76562E-4	1.13532E+2
0.00000E+0	1.13572E+2
0.00000E+0	1.13611E+2
9.76562E-4	1.13650E+2
1.95312E-3	1.13691E+2
2.92969E-3	1.13729E+2
9.76562E-4	1.13770E+2
3.90625E-3	1.13814E+2
1.95312E-3	1.13851E+2
9.76562E-4	1.13891E+2
5.85937E-3	1.13931E+2
9.76562E-4	1.13970E+2
1.95312E-3	1.14011E+2
9.76562E-4	1.14054E+2
9.76562E-4	1.14096E+2
9.76562E-4	1.14134E+2
3.90625E-3	1.14175E+2
4.88281E-3	1.14214E+2
1.95312E-3	1.14251E+2
9.76562E-4	1.14291E+2
0.00000E+0	1.14330E+2
9.76562E-4	1.14373E+2
3.90625E-3	1.14413E+2
1.95312E-3	1.14455E+2
0.00000E+0	1.14492E+2
9.76562E-4	1.14534E+2
1.95312E-3	1.14573E+2
1.95312E-3	1.14612E+2
9.76562E-4	1.14653E+2
2.92969E-3	1.14694E+2
1.95312E-3	1.14734E+2
1.95312E-3	1.14773E+2
9.76562E-4	1.14810E+2
2.92969E-3	1.14852E+2
4.88281E-3	1.14890E+2
1.95312E-3	1.14930E+2
9.76562E-4	1.14972E+2
1.95312E-3	1.15011E+2
1.95312E-3	1.15053E+2
9.76562E-4	1.15094E+2
0.00000E+0	1.15135E+2
1.95312E-3	1.15172E+2
2.92969E-3	1.15211E+2
9.76562E-4	1.15252E+2
0.00000E+0	1.15292E+2
0.00000E+0	1.15332E+2
9.76562E-4	1.15371E+2
1.95312E-3	1.15412E+2
9.76562E-4	1.15452E+2
2.92969E-3	1.15492E+2
1.95312E-3	1.15531E+2
9.76562E-4	1.15571E+2
9.76562E-4	1.15610E+2
1.95312E-3	1.15649E+2
2.92969E-3	1.15689E+2
9.76562E-4	1.15731E+2
2.92969E-3	1.15771E+2
9.76562E-4	1.15813E+2
2.92969E-3	1.15854E+2
1.95312E-3	1.15894E+2
9.76562E-4	1.15936E+2
9.76562E-4	1.15974E+2
0.00000E+0	1.16015E+2
0.00000E+0	1.16054E+2
9.76562E-4	1.16093E+2
9.76562E-4	1.16132E+2
2.92969E-3	1.16173E+2
2.92969E-3	1.16211E+2
2.92969E-3	1.16250E+2
4.88281E-3	1.16290E+2
1.95312E-3	1.16334E+2
3.90625E-3	1.16374E+2
3.90625E-3	1.16414E+2
9.76562E-4	1.16453E+2
3.90625E-3	1.16491E+2
2.92969E-3	1.16531E+2
5.85937E-3	1.16572E+2
9.76562E-4	1.16614E+2
6.83594E-3	1.16655E+2
6.83594E-3	1.16696E+2
9.76562E-4	1.16735E+2
3.90625E-3	1.16776E+2
1.95312E-3	1.16816E+2
1.95312E-3	1.16857E+2
2.92969E-3	1.16898E+2
4.88281E-3	1.16938E+2
3.90625E-3	1.16977E+2
1.95312E-3	1.17017E+2
3.90625E-3	1.17058E+2
1.95312E-3	1.17098E+2
6.83594E-3	1.17139E+2
3.90625E-3	1.17178E+2
1.95312E-3	1.17216E+2
2.92969E-3	1.17257E+2
3.90625E-3	1.17297E+2
3.90625E-3	1.17337E+2
4.88281E-3	1.17377E+2
2.92969E-3	1.17416E+2
3.90625E-3	1.17456E+2
4.88281E-3	1.17496E+2
2.92969E-3	1.17538E+2
5.85937E-3	1.17577E+2
3.90625E-3	1.17618E+2
3.90625E-3	1.17657E+2
2.92969E-3	1.17697E+2
4.88281E-3	1.17738E+2
6.83594E-3	1.17778E+2
4.88281E-3	1.17822E+2
4.88281E-3	1.17863E+2
4.88281E-3	1.17905E+2
4.88281E-3	1.17945E+2
3.90625E-3	1.17986E+2
5.85937E-3	1.18027E+2
4.88281E-3	1.18069E+2
1.95312E-3	1.18112E+2
3.90625E-3	1.18154E+2
1.95312E-3	1.18196E+2
3.90625E-3	1.18238E+2
2.92969E-3	1.18276E+2
1.95312E-3	1.18315E+2
4.88281E-3	1.18354E+2
0.00000E+0	1.18397E+2
5.85937E-3	1.18438E+2
5.85937E-3	1.18477E+2
1.95312E-3	1.18516E+2
4.88281E-3	1.18557E+2
1.95312E-3	1.18598E+2
9.76562E-4	1.18639E+2
2.92969E-3	1.18681E+2
3.90625E-3	1.18719E+2
2.92969E-3	1.18760E+2
2.92969E-3	1.18801E+2
4.88281E-3	1.18843E+2
2.92969E-3	1.18882E+2
9.76562E-4	1.18923E+2
9.76562E-4	1.18962E+2
5.85937E-3	1.19003E+2
2.92969E-3	1.19046E+2
4.88281E-3	1.19086E+2
5.85937E-3	1.19126E+2
1.95312E-3	1.19167E+2
1.95312E-3	1.19207E+2
1.95312E-3	1.19245E+2
4.88281E-3	1.19285E+2
2.92969E-3	1.19329E+2
4.88281E-3	1.19369E+2
2.92969E-3	1.19411E+2
3.90625E-3	1.19454E+2
2.92969E-3	1.19493E+2
1.95312E-3	1.19535E+2
4.88281E-3	1.19576E+2
2.92969E-3	1.19615E+2
2.92969E-3	1.19659E+2
9.76562E-4	1.19700E+2
3.90625E-3	1.19741E+2
0.00000E+0	1.19780E+2
1.95312E-3	1.19819E+2
3.90625E-3	1.19859E+2
1.95312E-3	1.19902E+2
2.92969E-3	1.19941E+2
1.95312E-3	1.19981E+2
1.95312E-3	1.20024E+2
2.92969E-3	1.20064E+2
9.76562E-4	1.20106E+2
9.76562E-4	1.20144E+2
1.95312E-3	1.20184E+2
2.92969E-3	1.20225E+2
0.00000E+0	1.20267E+2
4.88281E-3	1.20307E+2
9.76562E-4	1.20350E+2
1.95312E-3	1.20389E+2
2.92969E-3	1.20428E+2
1.95312E-3	1.20466E+2
1.95312E-3	1.20508E+2
9.76562E-4	1.20548E+2
0.00000E+0	1.20587E+2
0.00000E+0	1.20628E+2
0.00000E+0	1.20670E+2
9.76562E-4	1.20712E+2
3.90625E-3	1.20755E+2
3.90625E-3	1.20792E+2
9.76562E-4	1.20831E+2
1.95312E-3	1.20870E+2
0.00000E+0	1.20911E+2
9.76562E-4	1.20950E+2
3.90625E-3	1.20990E+2
1.95312E-3	1.21030E+2
1.95312E-3	1.21068E+2
9.76562E-4	1.21106E+2
3.90625E-3	1.21143E+2
9.76562E-4	1.21182E+2
0.00000E+0	1.21222E+2
9.76562E-4	1.21262E+2
1.95312E-3	1.21304E+2
0.00000E+0	1.21345E+2
9.76562E-4	1.21383E+2
0.00000E+0	1.21421E+2
0.00000E+0	1.21461E+2
2.92969E-3	1.21502E+2
2.92969E-3	1.21541E+2
1.95312E-3	1.21581E+2
3.90625E-3	1.21622E+2
1.95312E-3	1.21662E+2
1.95312E-3	1.21703E+2
0.00000E+0	1.21744E+2
0.00000E+0	1.21783E+2
1.95312E-3	1.21822E+2
1.95312E-3	1.21864E+2
4.88281E-3	1.21907E+2
1.95312E-3	1.21948E+2
2.92969E-3	1.21986E+2
3.90625E-3	1.22026E+2
2.92969E-3	1.22067E+2
4.88281E-3	1.22109E+2
1.95312E-3	1.22148E+2
2.92969E-3	1.22190E+2
0.00000E+0	1.22229E+2
1.95312E-3	1.22267E+2
1.95312E-3	1.22309E+2
3.90625E-3	1.22352E+2
5.85937E-3	1.22390E+2
2.92969E-3	1.22430E+2
3.90625E-3	1.22470E+2
2.92969E-3	1.22510E+2
3.90625E-3	1.22552E+2
1.95312E-3	1.22589E+2
1.95312E-3	1.22631E+2
2.92969E-3	1.22671E+2
2.92969E-3	1.22711E+2
1.95312E-3	1.22752E+2
3.90625E-3	1.22792E+2
2.92969E-3	1.22832E+2
3.90625E-3	1.22872E+2
5.85937E-3	1.22916E+2
2.92969E-3	1.22959E+2
2.92969E-3	1.23000E+2
1.95312E-3	1.23043E+2
3.90625E-3	1.23083E+2
3.90625E-3	1.23125E+2
4.88281E-3	1.23169E+2
4.88281E-3	1.23208E+2
3.90625E-3	1.23249E+2
5.85937E-3	1.23291E+2
1.95312E-3	1.23331E+2
2.92969E-3	1.23371E+2
2.92969E-3	1.23411E+2
3.90625E-3	1.23453E+2
6.83594E-3	1.23492E+2
1.95312E-3	1.23530E+2
1.95312E-3	1.23572E+2
1.95312E-3	1.23614E+2
3.90625E-3	1.23652E+2
2.92969E-3	1.23692E+2
9.76562E-4	1.23732E+2
2.92969E-3	1.23770E+2
2.92969E-3	1.23813E+2
1.95312E-3	1.23857E+2
9.76562E-4	1.23899E+2
9.76562E-4	1.23937E+2
1.95312E-3	1.23978E+2
3.90625E-3	1.24018E+2
2.92969E-3	1.24056E+2
9.76562E-4	1.24097E+2
3.90625E-3	1.24136E+2
3.90625E-3	1.24177E+2
4.88281E-3	1.24218E+2
2.92969E-3	1.24259E+2
3.90625E-3	1.24300E+2
4.88281E-3	1.24340E+2
2.92969E-3	1.24381E+2
1.95312E-3	1.24423E+2
5.85937E-3	1.24467E+2
3.90625E-3	1.24509E+2
9.76562E-4	1.24548E+2
3.90625E-3	1.24587E+2
4.88281E-3	1.24629E+2
4.88281E-3	1.24672E+2
2.92969E-3	1.24712E+2
1.95312E-3	1.24753E+2
1.95312E-3	1.24795E+2
4.88281E-3	1.24835E+2
4.88281E-3	1.24876E+2
6.83594E-3	1.24918E+2
5.85937E-3	1.24957E+2
4.88281E-3	1.24997E+2
3.90625E-3	1.25038E+2
1.95312E-3	1.25079E+2
3.90625E-3	1.25121E+2
3.90625E-3	1.25166E+2
3.90625E-3	1.25205E+2
3.90625E-3	1.25246E+2
5.85937E-3	1.25287E+2
2.92969E-3	1.25328E+2
4.88281E-3	1.25371E+2
1.95312E-3	1.25411E+2
2.92969E-3	1.25451E+2
9.76562E-4	1.25493E+2
1.95312E-3	1.25532E+2
1.95312E-3	1.25571E+2
2.92969E-3	1.25612E+2
1.95312E-3	1.25652E+2
9.76562E-4	1.25691E+2
4.88281E-3	1.25732E+2
3.90625E-3	1.25772E+2
2.92969E-3	1.25812E+2
3.90625E-3	1.25852E+2
3.90625E-3	1.25890E+2
0.00000E+0	1.25931E+2
9.76562E-4	1.25971E+2
1.95312E-3	1.26011E+2
4.88281E-3	1.26052E+2
1.95312E-3	1.26091E+2
9.76562E-4	1.26131E+2
0.00000E+0	1.26170E+2
9.76562E-4	1.26210E+2
2.92969E-3	1.26252E+2
9.76562E-4	1.26292E+2
0.00000E+0	1.26331E+2
4.88281E-3	1.26372E+2
1.95312E-3	1.26414E+2
0.00000E+0	1.26453E+2
1.95312E-3	1.26494E+2
3.90625E-3	1.26531E+2
3.90625E-3	1.26573E+2
2.92969E-3	1.26610E+2
9.76562E-4	1.26651E+2
2.92969E-3	1.26694E+2
3.90625E-3	1.26734E+2
3.90625E-3	1.26773E+2
2.92969E-3	1.26812E+2
0.00000E+0	1.26852E+2
9.76562E-4	1.26894E+2
4.88281E-3	1.26933E+2
4.88281E-3	1.26973E+2
9.76562E-4	1.27015E+2
5.85937E-3	1.27056E+2
2.92969E-3	1.27096E+2
2.92969E-3	1.27134E+2
9.76562E-4	1.27174E+2
2.92969E-3	1.27216E+2
9.76562E-4	1.27258E+2
1.95312E-3	1.27299E+2
1.95312E-3	1.27338E+2
3.90625E-3	1.27381E+2
2.92969E-3	1.27422E+2
9.76562E-4	1.27463E+2
9.76562E-4	1.27501E+2
9.76562E-4	1.27541E+2
4.88281E-3	1.27582E+2
4.88281E-3	1.27620E+2
1.95312E-3	1.27662E+2
3.90625E-3	1.27704E+2
9.76562E-4	1.27745E+2
0.00000E+0	1.27786E+2
0.00000E+0	1.27826E+2
2.92969E-3	1.27866E+2
2.92969E-3	1.27905E+2
2.92969E-3	1.27944E+2
9.76562E-4	1.27986E+2
1.95312E-3	1.28026E+2
3.90625E-3	1.28064E+2
1.95312E-3	1.28106E+2
9.76562E-4	1.28144E+2
4.88281E-3	1.28184E+2
4.88281E-3	1.28223E+2
2.92969E-3	1.28262E+2
2.92969E-3	1.28304E+2
1.95312E-3	1.28343E+2
2.92969E-3	1.28386E+2
2.92969E-3	1.28426E+2
3.90625E-3	1.28467E+2
2.92969E-3	1.28506E+2
9.76562E-4	1.28549E+2
9.76562E-4	1.28593E+2
4.88281E-3	1.28633E+2
4.88281E-3	1.28671E+2
1.95312E-3	1.28711E+2
2.92969E-3	1.28751E+2
2.92969E-3	1.28792E+2
3.90625E-3	1.28834E+2
1.95312E-3	1.28873E+2
4.88281E-3	1.28915E+2
9.76562E-4	1.28956E+2
6.83594E-3	1.28997E+2
2.92969E-3	1.29039E+2
2.92969E-3	1.29079E+2
9.76562E-4	1.29118E+2
9.76562E-4	1.29159E+2
9.76562E-4	1.29197E+2
0.00000E+0	1.29236E+2
1.95312E-3	1.29275E+2
4.88281E-3	1.29316E+2
0.00000E+0	1.29357E+2
4.88281E-3	1.29399E+2
3.90625E-3	1.29439E+2
1.95312E-3	1.29478E+2
1.95312E-3	1.29519E+2
0.00000E+0	1.29560E+2
3.90625E-3	1.29604E+2
2.92969E-3	1.29644E+2
5.85937E-3	1.29684E+2
3.90625E-3	1.29721E+2
3.90625E-3	1.29763E+2
3.90625E-3	1.29805E+2
9.76562E-4	1.29847E+2
1.95312E-3	1.29886E+2
1.95312E-3	1.29926E+2
2.92969E-3	1.29964E+2
2.92969E-3	1.30004E+2
9.76562E-4	1.30044E+2
3.90625E-3	1.30086E+2
2.92969E-3	1.30129E+2
1.95312E-3	1.30167E+2
9.76562E-4	1.30206E+2
9.76562E-4	1.30245E+2
1.95312E-3	1.30286E+2
2.92969E-3	1.30327E+2
9.76562E-4	1.30368E+2
1.95312E-3	1.30409E+2
2.92969E-3	1.30448E+2
9.76562E-4	1.30490E+2
4.88281E-3	1.30529E+2
5.85937E-3	1.30571E+2
0.00000E+0	1.30611E+2
4.88281E-3	1.30652E+2
1.95312E-3	1.30692E+2
2.92969E-3	1.30735E+2
2.92969E-3	1.30776E+2
3.90625E-3	1.30819E+2
1.95312E-3	1.30861E+2
5.85937E-3	1.30900E+2
3.90625E-3	1.30937E+2
1.95312E-3	1.30977E+2
4.88281E-3	1.31016E+2
5.85937E-3	1.31054E+2
1.95312E-3	1.31093E+2
2.92969E-3	1.31132E+2
4.88281E-3	1.31170E+2
2.92969E-3	1.31211E+2
9.76562E-4	1.31250E+2
2.92969E-3	1.31293E+2
9.76562E-4	1.31334E+2
9.76562E-4	1.31373E+2
2.92969E-3	1.31416E+2
1.95312E-3	1.31459E+2
4.88281E-3	1.31499E+2
2.92969E-3	1.31537E+2
0.00000E+0	1.31579E+2
3.90625E-3	1.31619E+2
3.90625E-3	1.31661E+2
5.85937E-3	1.31704E+2
2.92969E-3	1.31743E+2
3.90625E-3	1.31783E+2
3.90625E-3	1.31822E+2
9.76562E-4	1.31862E+2
1.95312E-3	1.31902E+2
2.92969E-3	1.31941E+2
3.90625E-3	1.31981E+2
3.90625E-3	1.32020E+2
1.95312E-3	1.32059E+2
1.95312E-3	1.32099E+2
2.92969E-3	1.32141E+2
2.92969E-3	1.32184E+2
0.00000E+0	1.32225E+2
2.92969E-3	1.32267E+2
9.76562E-4	1.32309E+2
0.00000E+0	1.32350E+2
1.95312E-3	1.32390E+2
1.95312E-3	1.32429E+2
2.92969E-3	1.32469E+2
1.95312E-3	1.32508E+2
4.88281E-3	1.32548E+2
9.76562E-4	1.32587E+2
9.76562E-4	1.32627E+2
0.00000E+0	1.32666E+2
0.00000E+0	1.32707E+2
1.95312E-3	1.32747E+2
1.95312E-3	1.32786E+2
1.95312E-3	1.32830E+2
4.88281E-3	1.32870E+2
1.95312E-3	1.32911E+2
3.90625E-3	1.32953E+2
1.95312E-3	1.32994E+2
0.00000E+0	1.33034E+2
1.95312E-3	1.33073E+2
9.76562E-4	1.33115E+2
1.95312E-3	1.33157E+2
1.95312E-3	1.33199E+2
1.95312E-3	1.33239E+2
0.00000E+0	1.33282E+2
1.95312E-3	1.33325E+2
2.92969E-3	1.33364E+2
3.90625E-3	1.33403E+2
2.92969E-3	1.33443E+2
2.92969E-3	1.33486E+2
1.95312E-3	1.33525E+2
1.95312E-3	1.33568E+2
0.00000E+0	1.33610E+2
9.76562E-4	1.33650E+2
0.00000E+0	1.33688E+2
3.90625E-3	1.33730E+2
3.90625E-3	1.33768E+2
1.95312E-3	1.33810E+2
9.76562E-4	1.33849E+2
0.00000E+0	1.33889E+2
3.90625E-3	1.33929E+2
2.92969E-3	1.33968E+2
1.95312E-3	1.34011E+2
4.88281E-3	1.34053E+2
9.76562E-4	1.34094E+2
1.95312E-3	1.34140E+2
2.92969E-3	1.34180E+2
9.76562E-4	1.34222E+2
0.00000E+0	1.34264E+2
1.95312E-3	1.34305E+2
3.90625E-3	1.34348E+2
1.95312E-3	1.34391E+2
2.92969E-3	1.34431E+2
1.95312E-3	1.34473E+2
1.95312E-3	1.34515E+2
1.95312E-3	1.34556E+2
9.76562E-4	1.34599E+2
