2.14844E-3	1.90363E+0
0.00000E+0	2.21645E+0
0.00000E+0	2.53803E+0
0.00000E+0	2.86290E+0
0.00000E+0	3.18738E+0
0.00000E+0	3.49130E+0
0.00000E+0	3.81391E+0
0.00000E+0	4.13708E+0
0.00000E+0	4.44523E+0
0.00000E+0	4.77480E+0
0.00000E+0	5.09593E+0
0.00000E+0	5.43049E+0
0.00000E+0	5.74840E+0
0.00000E+0	6.07665E+0
0.00000E+0	6.39240E+0
9.76563E-5	6.70512E+0
2.92969E-4	7.02442E+0
2.92969E-4	7.34323E+0
1.56250E-3	7.64866E+0
1.36719E-3	7.96638E+0
3.22266E-3	8.29342E+0
2.92969E-3	8.62328E+0
4.39453E-3	8.92617E+0
4.49219E-3	9.24054E+0
4.88281E-3	9.53399E+0
5.17578E-3	9.83771E+0
5.76172E-3	1.01588E+1
5.37109E-3	1.04780E+1
7.42187E-3	1.08066E+1
8.39844E-3	1.11174E+1
9.27734E-3	1.14420E+1
9.17969E-3	1.17621E+1
8.49609E-3	1.20720E+1
8.10547E-3	1.23932E+1
9.76562E-3	1.27169E+1
1.00586E-2	1.30406E+1
1.01563E-2	1.33566E+1
9.96094E-3	1.36678E+1
1.02539E-2	1.39580E+1
9.96094E-3	1.42734E+1
9.57031E-3	1.45918E+1
9.86328E-3	1.49148E+1
9.96094E-3	1.52358E+1
9.86328E-3	1.55468E+1
9.76562E-3	1.58652E+1
9.86328E-3	1.61771E+1
9.37500E-3	1.64758E+1
9.96094E-3	1.67965E+1
8.69141E-3	1.71151E+1
8.98437E-3	1.74338E+1
8.39844E-3	1.77542E+1
9.57031E-3	1.80595E+1
8.30078E-3	1.83756E+1
8.78906E-3	1.86933E+1
6.54297E-3	1.90036E+1
7.42187E-3	1.93257E+1
6.44531E-3	1.96427E+1
6.05469E-3	1.99683E+1
4.98047E-3	2.02930E+1
5.37109E-3	2.06100E+1
4.00391E-3	2.09297E+1
3.71094E-3	2.12539E+1
2.92969E-3	2.15688E+1
2.73437E-3	2.18745E+1
1.46484E-3	2.22054E+1
1.95312E-3	2.25290E+1
7.81250E-4	2.28481E+1
1.07422E-3	2.31652E+1
5.85937E-4	2.34910E+1
3.90625E-4	2.38253E+1
9.76563E-5	2.41408E+1
9.76563E-5	2.44610E+1
9.76563E-5	2.47763E+1
1.95313E-4	2.51006E+1
0.00000E+0	2.54239E+1
0.00000E+0	2.57546E+1
0.00000E+0	2.60624E+1
0.00000E+0	2.63716E+1
0.00000E+0	2.67006E+1
0.00000E+0	2.70168E+1
0.00000E+0	2.73339E+1
0.00000E+0	2.76487E+1
0.00000E+0	2.79642E+1
0.00000E+0	2.82750E+1
0.00000E+0	2.85974E+1
0.00000E+0	2.89078E+1
9.76563E-5	2.92222E+1
0.00000E+0	2.95369E+1
0.00000E+0	2.98664E+1
0.00000E+0	3.01963E+1
9.76563E-5	3.04944E+1
3.90625E-4	3.07955E+1
1.75781E-3	3.11039E+1
9.76562E-4	3.14180E+1
1.95312E-3	3.17239E+1
2.73437E-3	3.20509E+1
4.88281E-3	3.23756E+1
4.58984E-3	3.26889E+1
5.95703E-3	3.30038E+1
5.37109E-3	3.33116E+1
7.03125E-3	3.36312E+1
6.44531E-3	3.39529E+1
8.98437E-3	3.42714E+1
9.08203E-3	3.45610E+1
9.96094E-3	3.48802E+1
9.86328E-3	3.52067E+1
1.24023E-2	3.55340E+1
1.17187E-2	3.58476E+1
1.41602E-2	3.61698E+1
1.41602E-2	3.64959E+1
1.50391E-2	3.68212E+1
1.48437E-2	3.71301E+1
1.62109E-2	3.74623E+1
1.71875E-2	3.77972E+1
1.94336E-2	3.81126E+1
1.96289E-2	3.84259E+1
2.08008E-2	3.87450E+1
2.02148E-2	3.90645E+1
2.18750E-2	3.93810E+1
2.17773E-2	3.96964E+1
2.33398E-2	4.00129E+1
2.32422E-2	4.03255E+1
2.39258E-2	4.06420E+1
2.44141E-2	4.09592E+1
2.50977E-2	4.12717E+1
2.50000E-2	4.15931E+1
2.50000E-2	4.19170E+1
2.52930E-2	4.22385E+1
2.52930E-2	4.25497E+1
2.54883E-2	4.28367E+1
2.52930E-2	4.31626E+1
2.54883E-2	4.34789E+1
2.56836E-2	4.38007E+1
2.54883E-2	4.41256E+1
2.48047E-2	4.44467E+1
2.50000E-2	4.47562E+1
2.44141E-2	4.50796E+1
2.46094E-2	4.54091E+1
2.38281E-2	4.57174E+1
2.37305E-2	4.60326E+1
2.19727E-2	4.63585E+1
2.10938E-2	4.66800E+1
1.98242E-2	4.69917E+1
1.98242E-2	4.73135E+1
1.88477E-2	4.76425E+1
2.08984E-2	4.79570E+1
2.31445E-2	4.82848E+1
1.84570E-2	4.85975E+1
1.50391E-2	4.89103E+1
1.47461E-2	4.92192E+1
1.18164E-2	4.95315E+1
1.25977E-2	4.98429E+1
1.01563E-2	5.01572E+1
1.09375E-2	5.04866E+1
8.78906E-3	5.07994E+1
9.66797E-3	5.10869E+1
7.42187E-3	5.14053E+1
7.03125E-3	5.17287E+1
4.58984E-3	5.20578E+1
4.68750E-3	5.23619E+1
3.12500E-3	5.26849E+1
1.95312E-3	5.30023E+1
1.07422E-3	5.33144E+1
1.26953E-3	5.36411E+1
3.90625E-4	5.39563E+1
9.76563E-5	5.42734E+1
1.95313E-4	5.45909E+1
9.76563E-5	5.49063E+1
9.76563E-5	5.52419E+1
2.92969E-4	5.55707E+1
4.88281E-4	5.58953E+1
6.83594E-4	5.62097E+1
1.17187E-3	5.65209E+1
1.36719E-3	5.68368E+1
4.10156E-3	5.71645E+1
4.58984E-3	5.74764E+1
6.34766E-3	5.77943E+1
5.85937E-3	5.81296E+1
8.98437E-3	5.84480E+1
9.27734E-3	5.87502E+1
1.21094E-2	5.90523E+1
1.10352E-2	5.93504E+1
1.53320E-2	5.96662E+1
1.50391E-2	5.99717E+1
1.88477E-2	6.02899E+1
1.89453E-2	6.06266E+1
2.25586E-2	6.09392E+1
2.22656E-2	6.12493E+1
2.47070E-2	6.15653E+1
2.46094E-2	6.18898E+1
2.80273E-2	6.22023E+1
2.75391E-2	6.25225E+1
2.95898E-2	6.28380E+1
2.97852E-2	6.31526E+1
3.29102E-2	6.34840E+1
3.22266E-2	6.38032E+1
3.42773E-2	6.41080E+1
3.43750E-2	6.44302E+1
3.61328E-2	6.47582E+1
3.57422E-2	6.50754E+1
3.74023E-2	6.53908E+1
3.69141E-2	6.57108E+1
3.79883E-2	6.60383E+1
3.77930E-2	6.63529E+1
3.84766E-2	6.66769E+1
3.86719E-2	6.69989E+1
3.88672E-2	6.73322E+1
3.87695E-2	6.76233E+1
3.85742E-2	6.79493E+1
3.83789E-2	6.82789E+1
3.65234E-2	6.86085E+1
3.71094E-2	6.89217E+1
3.53516E-2	6.92382E+1
3.58398E-2	6.95596E+1
3.34961E-2	6.98719E+1
3.33984E-2	7.01791E+1
3.07617E-2	7.05111E+1
3.08594E-2	7.08216E+1
2.89063E-2	7.11407E+1
2.88086E-2	7.14636E+1
2.47070E-2	7.17760E+1
2.49023E-2	7.20722E+1
1.96289E-2	7.23948E+1
1.97266E-2	7.27092E+1
1.68945E-2	7.30142E+1
1.74805E-2	7.33342E+1
1.36719E-2	7.36630E+1
1.27930E-2	7.39835E+1
9.76562E-3	7.42828E+1
9.86328E-3	7.45902E+1
7.91016E-3	7.49209E+1
7.71484E-3	7.52261E+1
5.56641E-3	7.55433E+1
5.27344E-3	7.58416E+1
3.61328E-3	7.61428E+1
4.49219E-3	7.64613E+1
2.92969E-3	7.67872E+1
3.22266E-3	7.71153E+1
2.14844E-3	7.74299E+1
1.07422E-3	7.77428E+1
1.17187E-3	7.80567E+1
1.07422E-3	7.83578E+1
1.56250E-3	7.86902E+1
9.76562E-4	7.89974E+1
2.73437E-3	7.93043E+1
1.66016E-3	7.96208E+1
4.19922E-3	7.99427E+1
4.19922E-3	8.02651E+1
5.66406E-3	8.05806E+1
5.17578E-3	8.08936E+1
8.59375E-3	8.12246E+1
9.27734E-3	8.15302E+1
1.20117E-2	8.18376E+1
1.11328E-2	8.21586E+1
1.52344E-2	8.24915E+1
1.35742E-2	8.28043E+1
1.65039E-2	8.31259E+1
1.27930E-2	8.34520E+1
1.75781E-2	8.37629E+1
1.93359E-2	8.40615E+1
2.21680E-2	8.43723E+1
2.10938E-2	8.46925E+1
2.39258E-2	8.50063E+1
2.17773E-2	8.53216E+1
2.69531E-2	8.56409E+1
2.89063E-2	8.59568E+1
3.14453E-2	8.62851E+1
3.10547E-2	8.65997E+1
3.33008E-2	8.69261E+1
3.41797E-2	8.72369E+1
3.65234E-2	8.75660E+1
3.56445E-2	8.78880E+1
3.96484E-2	8.81980E+1
4.10156E-2	8.85197E+1
4.37500E-2	8.88436E+1
4.55078E-2	8.91528E+1
4.77539E-2	8.94759E+1
4.65820E-2	8.97862E+1
4.55078E-2	9.01027E+1
4.84375E-2	9.04250E+1
4.91211E-2	9.07524E+1
4.92187E-2	9.10726E+1
4.97070E-2	9.13751E+1
4.98047E-2	9.16944E+1
4.91211E-2	9.20138E+1
4.89258E-2	9.23233E+1
4.84375E-2	9.26267E+1
4.86328E-2	9.29433E+1
4.62891E-2	9.32709E+1
4.68750E-2	9.35687E+1
4.51172E-2	9.38979E+1
4.55078E-2	9.42317E+1
4.33594E-2	9.45431E+1
4.34570E-2	9.48621E+1
4.07227E-2	9.51873E+1
4.02344E-2	9.55150E+1
4.10156E-2	9.58215E+1
4.79492E-2	9.61461E+1
4.55078E-2	9.64765E+1
4.49219E-2	9.67850E+1
4.17969E-2	9.70969E+1
4.12109E-2	9.74108E+1
4.00391E-2	9.77367E+1
3.84766E-2	9.80511E+1
3.67188E-2	9.83756E+1
3.77930E-2	9.86974E+1
3.21289E-2	9.90134E+1
3.36914E-2	9.93179E+1
2.85156E-2	9.96308E+1
2.95898E-2	9.99499E+1
2.55859E-2	1.00261E+2
2.36328E-2	1.00576E+2
1.94336E-2	1.00874E+2
1.93359E-2	1.01175E+2
1.56250E-2	1.01510E+2
1.25000E-2	1.01842E+2
8.49609E-3	1.02162E+2
6.54297E-3	1.02474E+2
3.61328E-3	1.02799E+2
4.49219E-3	1.03119E+2
2.73437E-3	1.03427E+2
1.85547E-3	1.03750E+2
6.83594E-4	1.04081E+2
8.78906E-4	1.04389E+2
9.76563E-5	1.04712E+2
8.78906E-4	1.05032E+2
1.95313E-4	1.05349E+2
1.95313E-4	1.05662E+2
3.90625E-4	1.05983E+2
6.83594E-4	1.06297E+2
1.26953E-3	1.06612E+2
2.24609E-3	1.06934E+2
4.19922E-3	1.07247E+2
4.00391E-3	1.07565E+2
5.07813E-3	1.07885E+2
4.19922E-3	1.08215E+2
6.64062E-3	1.08529E+2
6.83594E-3	1.08829E+2
9.86328E-3	1.09126E+2
9.66797E-3	1.09442E+2
1.37695E-2	1.09746E+2
1.33789E-2	1.10064E+2
1.66016E-2	1.10392E+2
1.60156E-2	1.10714E+2
1.95312E-2	1.11027E+2
1.84570E-2	1.11347E+2
1.96289E-2	1.11670E+2
1.98242E-2	1.11988E+2
2.17773E-2	1.12313E+2
2.26562E-2	1.12628E+2
2.53906E-2	1.12960E+2
2.51953E-2	1.13268E+2
2.87109E-2	1.13587E+2
2.77344E-2	1.13916E+2
2.99805E-2	1.14233E+2
2.99805E-2	1.14553E+2
3.36914E-2	1.14876E+2
3.26172E-2	1.15191E+2
3.35937E-2	1.15512E+2
3.39844E-2	1.15840E+2
3.38867E-2	1.16154E+2
3.44727E-2	1.16467E+2
3.46680E-2	1.16791E+2
3.44727E-2	1.17100E+2
3.45703E-2	1.17391E+2
3.46680E-2	1.17718E+2
3.33008E-2	1.18044E+2
3.37891E-2	1.18369E+2
3.07617E-2	1.18678E+2
3.14453E-2	1.19007E+2
2.97852E-2	1.19314E+2
2.95898E-2	1.19624E+2
2.99805E-2	1.19933E+2
3.08594E-2	1.20255E+2
2.97852E-2	1.20577E+2
3.05664E-2	1.20892E+2
2.61719E-2	1.21202E+2
2.65625E-2	1.21524E+2
2.18750E-2	1.21828E+2
2.22656E-2	1.22154E+2
1.85547E-2	1.22470E+2
1.84570E-2	1.22779E+2
1.39648E-2	1.23090E+2
1.25977E-2	1.23414E+2
2.16797E-2	1.23736E+2
1.38672E-2	1.24045E+2
7.42187E-3	1.24375E+2
6.34766E-3	1.24689E+2
2.63672E-3	1.25004E+2
3.12500E-3	1.25327E+2
1.95312E-3	1.25626E+2
1.56250E-3	1.25949E+2
1.95313E-4	1.26264E+2
2.92969E-4	1.26583E+2
0.00000E+0	1.26911E+2
0.00000E+0	1.27223E+2
0.00000E+0	1.27545E+2
0.00000E+0	1.27857E+2
0.00000E+0	1.28185E+2
0.00000E+0	1.28497E+2
0.00000E+0	1.28830E+2
0.00000E+0	1.29152E+2
9.76563E-5	1.29454E+2
0.00000E+0	1.29779E+2
3.90625E-4	1.30092E+2
3.90625E-4	1.30405E+2
1.36719E-3	1.30739E+2
2.92969E-4	1.31046E+2
3.41797E-3	1.31362E+2
3.32031E-3	1.31678E+2
5.17578E-3	1.32007E+2
4.98047E-3	1.32329E+2
6.44531E-3	1.32643E+2
6.54297E-3	1.32959E+2
9.47266E-3	1.33284E+2
9.57031E-3	1.33599E+2
1.07422E-2	1.33893E+2
1.05469E-2	1.34214E+2
1.30859E-2	1.34515E+2
1.25977E-2	1.34807E+2
1.46484E-2	1.35131E+2
1.47461E-2	1.35450E+2
1.66016E-2	1.35769E+2
1.73828E-2	1.36086E+2
1.76758E-2	1.36407E+2
1.79687E-2	1.36734E+2
1.93359E-2	1.37047E+2
1.90430E-2	1.37366E+2
1.96289E-2	1.37680E+2
1.93359E-2	1.37994E+2
2.03125E-2	1.38325E+2
2.08984E-2	1.38641E+2
2.10938E-2	1.38956E+2
2.16797E-2	1.39257E+2
2.16797E-2	1.39585E+2
2.15820E-2	1.39910E+2
2.10938E-2	1.40228E+2
2.10938E-2	1.40545E+2
2.10938E-2	1.40860E+2
2.08008E-2	1.41177E+2
1.95312E-2	1.41498E+2
1.98242E-2	1.41829E+2
1.92383E-2	1.42123E+2
1.92383E-2	1.42431E+2
1.78711E-2	1.42754E+2
1.82617E-2	1.43070E+2
1.62109E-2	1.43390E+2
1.58203E-2	1.43706E+2
1.43555E-2	1.44033E+2
1.47461E-2	1.44341E+2
1.40625E-2	1.44652E+2
1.30859E-2	1.44976E+2
9.66797E-3	1.45265E+2
1.01563E-2	1.45561E+2
7.12891E-3	1.45873E+2
7.03125E-3	1.46171E+2
5.66406E-3	1.46480E+2
5.07813E-3	1.46793E+2
3.22266E-3	1.47118E+2
3.12500E-3	1.47438E+2
9.76562E-4	1.47752E+2
1.26953E-3	1.48072E+2
1.95313E-4	1.48403E+2
9.76563E-5	1.48736E+2
0.00000E+0	1.49046E+2
0.00000E+0	1.49359E+2
0.00000E+0	1.49686E+2
0.00000E+0	1.50003E+2
0.00000E+0	1.50304E+2
0.00000E+0	1.50617E+2
0.00000E+0	1.50939E+2
0.00000E+0	1.51267E+2
0.00000E+0	1.51581E+2
0.00000E+0	1.51896E+2
0.00000E+0	1.52205E+2
0.00000E+0	1.52519E+2
0.00000E+0	1.52835E+2
0.00000E+0	1.53150E+2
0.00000E+0	1.53465E+2
0.00000E+0	1.53789E+2
0.00000E+0	1.54108E+2
0.00000E+0	1.54421E+2
0.00000E+0	1.54741E+2
0.00000E+0	1.55059E+2
0.00000E+0	1.55373E+2
0.00000E+0	1.55687E+2
0.00000E+0	1.56012E+2
0.00000E+0	1.56343E+2
0.00000E+0	1.56649E+2
0.00000E+0	1.56964E+2
0.00000E+0	1.57290E+2
0.00000E+0	1.57604E+2
0.00000E+0	1.57918E+2
0.00000E+0	1.58241E+2
0.00000E+0	1.58538E+2
0.00000E+0	1.58858E+2
0.00000E+0	1.59179E+2
0.00000E+0	1.59486E+2
0.00000E+0	1.59809E+2
0.00000E+0	1.60141E+2
3.90625E-4	1.60453E+2
9.76563E-5	1.60760E+2
9.76562E-4	1.61086E+2
4.88281E-4	1.61411E+2
1.75781E-3	1.61728E+2
4.88281E-4	1.62047E+2
1.17187E-3	1.62361E+2
8.78906E-4	1.62696E+2
1.46484E-3	1.63000E+2
1.07422E-3	1.63321E+2
2.83203E-3	1.63660E+2
2.73437E-3	1.63988E+2
3.71094E-3	1.64289E+2
4.58984E-3	1.64615E+2
4.19922E-3	1.64939E+2
4.58984E-3	1.65251E+2
4.98047E-3	1.65574E+2
4.88281E-3	1.65892E+2
4.88281E-3	1.66217E+2
4.98047E-3	1.66543E+2
4.88281E-3	1.66843E+2
4.98047E-3	1.67162E+2
4.58984E-3	1.67456E+2
5.07813E-3	1.67768E+2
4.78516E-3	1.68083E+2
4.29688E-3	1.68391E+2
4.29688E-3	1.68717E+2
4.10156E-3	1.69027E+2
3.71094E-3	1.69341E+2
4.49219E-3	1.69644E+2
3.51563E-3	1.69966E+2
3.41797E-3	1.70297E+2
2.14844E-3	1.70609E+2
2.24609E-3	1.70927E+2
1.46484E-3	1.71250E+2
1.46484E-3	1.71560E+2
9.76562E-4	1.71874E+2
1.95312E-3	1.72186E+2
9.76562E-4	1.72500E+2
5.85937E-4	1.72814E+2
0.00000E+0	1.73138E+2
0.00000E+0	1.73458E+2
0.00000E+0	1.73777E+2
0.00000E+0	1.74099E+2
0.00000E+0	1.74416E+2
0.00000E+0	1.74749E+2
0.00000E+0	1.75051E+2
0.00000E+0	1.75363E+2
0.00000E+0	1.75666E+2
0.00000E+0	1.75975E+2
0.00000E+0	1.76278E+2
0.00000E+0	1.76604E+2
0.00000E+0	1.76907E+2
0.00000E+0	1.77208E+2
0.00000E+0	1.77523E+2
0.00000E+0	1.77840E+2
0.00000E+0	1.78159E+2
0.00000E+0	1.78476E+2
0.00000E+0	1.78797E+2
0.00000E+0	1.79111E+2
0.00000E+0	1.79418E+2
0.00000E+0	1.79726E+2
0.00000E+0	1.80050E+2
0.00000E+0	1.80376E+2
0.00000E+0	1.80692E+2
0.00000E+0	1.81009E+2
0.00000E+0	1.81333E+2
0.00000E+0	1.81660E+2
0.00000E+0	1.81975E+2
0.00000E+0	1.82289E+2
0.00000E+0	1.82594E+2
0.00000E+0	1.82905E+2
0.00000E+0	1.83218E+2
0.00000E+0	1.83513E+2
0.00000E+0	1.83821E+2
0.00000E+0	1.84149E+2
0.00000E+0	1.84472E+2
0.00000E+0	1.84787E+2
0.00000E+0	1.85113E+2
0.00000E+0	1.85442E+2
0.00000E+0	1.85759E+2
0.00000E+0	1.86077E+2
0.00000E+0	1.86394E+2
0.00000E+0	1.86718E+2
0.00000E+0	1.87038E+2
0.00000E+0	1.87361E+2
0.00000E+0	1.87674E+2
0.00000E+0	1.87988E+2
0.00000E+0	1.88300E+2
0.00000E+0	1.88616E+2
0.00000E+0	1.88932E+2
0.00000E+0	1.89247E+2
0.00000E+0	1.89563E+2
0.00000E+0	1.89879E+2
0.00000E+0	1.90188E+2
0.00000E+0	1.90500E+2
0.00000E+0	1.90818E+2
