2.44141E-3	1.89401E+0
0.00000E+0	2.20956E+0
0.00000E+0	2.52981E+0
0.00000E+0	2.83580E+0
0.00000E+0	3.14162E+0
0.00000E+0	3.47106E+0
0.00000E+0	3.79009E+0
0.00000E+0	4.12138E+0
0.00000E+0	4.44112E+0
0.00000E+0	4.75561E+0
0.00000E+0	5.07339E+0
0.00000E+0	5.38715E+0
0.00000E+0	5.70993E+0
0.00000E+0	6.03695E+0
0.00000E+0	6.35278E+0
0.00000E+0	6.67118E+0
0.00000E+0	7.00538E+0
0.00000E+0	7.32505E+0
0.00000E+0	7.64018E+0
0.00000E+0	7.96942E+0
0.00000E+0	8.30330E+0
0.00000E+0	8.61298E+0
0.00000E+0	8.91929E+0
0.00000E+0	9.22304E+0
0.00000E+0	9.52130E+0
0.00000E+0	9.81794E+0
0.00000E+0	1.01049E+1
0.00000E+0	1.03952E+1
0.00000E+0	1.06910E+1
0.00000E+0	1.09836E+1
0.00000E+0	1.12715E+1
0.00000E+0	1.15695E+1
0.00000E+0	1.18657E+1
0.00000E+0	1.21585E+1
0.00000E+0	1.24509E+1
0.00000E+0	1.27404E+1
0.00000E+0	1.30284E+1
0.00000E+0	1.33214E+1
0.00000E+0	1.36167E+1
0.00000E+0	1.39097E+1
0.00000E+0	1.41985E+1
0.00000E+0	1.44936E+1
0.00000E+0	1.47905E+1
0.00000E+0	1.50777E+1
0.00000E+0	1.53701E+1
0.00000E+0	1.56669E+1
0.00000E+0	1.59619E+1
0.00000E+0	1.62472E+1
0.00000E+0	1.65476E+1
0.00000E+0	1.68419E+1
0.00000E+0	1.71400E+1
0.00000E+0	1.74320E+1
9.76563E-5	1.77270E+1
0.00000E+0	1.80228E+1
0.00000E+0	1.83093E+1
0.00000E+0	1.86081E+1
0.00000E+0	1.89052E+1
9.76563E-5	1.92055E+1
2.92969E-4	1.94973E+1
1.95313E-4	1.97941E+1
8.78906E-4	2.00824E+1
7.81250E-4	2.03744E+1
7.81250E-4	2.06696E+1
8.78906E-4	2.09619E+1
1.36719E-3	2.12502E+1
1.56250E-3	2.15499E+1
3.22266E-3	2.18443E+1
2.24609E-3	2.21353E+1
2.63672E-3	2.24298E+1
3.02734E-3	2.27246E+1
3.51563E-3	2.30165E+1
3.32031E-3	2.33066E+1
4.10156E-3	2.35992E+1
3.61328E-3	2.38950E+1
4.58984E-3	2.41920E+1
4.10156E-3	2.44860E+1
4.88281E-3	2.47769E+1
4.29688E-3	2.50748E+1
4.10156E-3	2.53690E+1
4.29688E-3	2.56649E+1
4.10156E-3	2.59568E+1
4.00391E-3	2.62558E+1
3.80859E-3	2.65436E+1
3.71094E-3	2.68354E+1
3.02734E-3	2.71320E+1
3.61328E-3	2.74353E+1
2.53906E-3	2.77365E+1
2.34375E-3	2.80275E+1
3.12500E-3	2.83182E+1
2.63672E-3	2.86109E+1
1.75781E-3	2.89127E+1
2.34375E-3	2.92012E+1
9.76562E-4	2.94927E+1
1.26953E-3	2.97850E+1
6.83594E-4	3.00714E+1
1.07422E-3	3.03613E+1
2.92969E-4	3.06501E+1
1.95313E-4	3.09440E+1
2.92969E-4	3.12425E+1
3.90625E-4	3.15386E+1
0.00000E+0	3.18332E+1
2.92969E-4	3.21352E+1
9.76563E-5	3.24290E+1
0.00000E+0	3.27293E+1
0.00000E+0	3.30226E+1
0.00000E+0	3.33300E+1
0.00000E+0	3.36185E+1
0.00000E+0	3.39163E+1
0.00000E+0	3.42205E+1
0.00000E+0	3.45162E+1
0.00000E+0	3.48049E+1
0.00000E+0	3.50982E+1
0.00000E+0	3.54003E+1
1.95313E-4	3.56990E+1
9.76563E-5	3.60016E+1
4.88281E-4	3.62891E+1
0.00000E+0	3.65930E+1
1.95313E-4	3.68926E+1
9.76562E-4	3.71910E+1
7.81250E-4	3.74928E+1
2.44141E-3	3.77933E+1
1.17187E-3	3.80900E+1
1.85547E-3	3.83882E+1
3.12500E-3	3.86838E+1
3.32031E-3	3.89825E+1
3.51563E-3	3.92753E+1
4.78516E-3	3.95747E+1
4.78516E-3	3.98841E+1
5.07813E-3	4.01796E+1
5.56641E-3	4.04822E+1
7.71484E-3	4.07720E+1
5.95703E-3	4.10666E+1
8.00781E-3	4.13592E+1
9.08203E-3	4.16519E+1
8.78906E-3	4.19490E+1
8.98437E-3	4.22433E+1
1.02539E-2	4.25365E+1
9.66797E-3	4.28251E+1
1.02539E-2	4.31241E+1
1.11328E-2	4.34236E+1
1.17187E-2	4.37202E+1
1.05469E-2	4.40122E+1
1.28906E-2	4.43120E+1
1.24023E-2	4.46060E+1
1.36719E-2	4.48949E+1
1.39648E-2	4.51915E+1
1.48437E-2	4.54864E+1
1.48437E-2	4.57827E+1
1.50391E-2	4.60821E+1
1.51367E-2	4.63731E+1
1.55273E-2	4.66676E+1
1.54297E-2	4.69546E+1
1.60156E-2	4.72520E+1
1.58203E-2	4.75450E+1
1.61133E-2	4.78428E+1
1.62109E-2	4.81364E+1
1.60156E-2	4.84322E+1
1.62109E-2	4.87370E+1
1.52344E-2	4.90363E+1
1.58203E-2	4.93418E+1
1.56250E-2	4.96387E+1
1.57227E-2	4.99349E+1
1.49414E-2	5.02305E+1
1.50391E-2	5.05317E+1
1.52344E-2	5.08207E+1
1.47461E-2	5.11107E+1
1.41602E-2	5.13950E+1
1.44531E-2	5.16836E+1
1.36719E-2	5.19829E+1
1.34766E-2	5.22819E+1
1.21094E-2	5.25734E+1
1.17187E-2	5.28647E+1
1.04492E-2	5.31476E+1
1.04492E-2	5.34389E+1
9.37500E-3	5.37366E+1
9.47266E-3	5.40385E+1
8.30078E-3	5.43352E+1
8.30078E-3	5.46350E+1
5.76172E-3	5.49277E+1
5.85937E-3	5.52212E+1
4.68750E-3	5.55257E+1
4.88281E-3	5.58287E+1
4.29688E-3	5.61204E+1
4.19922E-3	5.64120E+1
3.12500E-3	5.67076E+1
2.73437E-3	5.69979E+1
1.95312E-3	5.73092E+1
1.26953E-3	5.76020E+1
1.36719E-3	5.78926E+1
5.85937E-4	5.81830E+1
1.17187E-3	5.84810E+1
7.81250E-4	5.87691E+1
6.83594E-4	5.90646E+1
7.81250E-4	5.93654E+1
9.76563E-5	5.96674E+1
2.92969E-4	5.99636E+1
6.83594E-4	6.02878E+1
1.95313E-4	6.06131E+1
7.81250E-4	6.09225E+1
1.17187E-3	6.12617E+1
2.24609E-3	6.15904E+1
2.14844E-3	6.18944E+1
3.71094E-3	6.22156E+1
3.71094E-3	6.25352E+1
4.68750E-3	6.28536E+1
4.19922E-3	6.31791E+1
4.68750E-3	6.34999E+1
4.58984E-3	6.38153E+1
6.54297E-3	6.41259E+1
7.71484E-3	6.44375E+1
8.30078E-3	6.47593E+1
9.47266E-3	6.50743E+1
1.15234E-2	6.53960E+1
1.08398E-2	6.57082E+1
1.11328E-2	6.60314E+1
1.05469E-2	6.63424E+1
1.09375E-2	6.66649E+1
1.16211E-2	6.69911E+1
1.34766E-2	6.73084E+1
1.49414E-2	6.76293E+1
1.64063E-2	6.79434E+1
1.42578E-2	6.82330E+1
1.55273E-2	6.85471E+1
1.68945E-2	6.88747E+1
1.75781E-2	6.92100E+1
1.74805E-2	6.95052E+1
1.82617E-2	6.98249E+1
1.89453E-2	7.01512E+1
1.97266E-2	7.04753E+1
1.99219E-2	7.07781E+1
1.98242E-2	7.10971E+1
2.00195E-2	7.14255E+1
2.07031E-2	7.17428E+1
2.02148E-2	7.20568E+1
2.13867E-2	7.23748E+1
2.07031E-2	7.26871E+1
2.09961E-2	7.30085E+1
2.16797E-2	7.33266E+1
2.16797E-2	7.36458E+1
2.09961E-2	7.39630E+1
2.20703E-2	7.42885E+1
2.17773E-2	7.46049E+1
2.18750E-2	7.49207E+1
2.05078E-2	7.52409E+1
2.08008E-2	7.55771E+1
2.09961E-2	7.58945E+1
2.03125E-2	7.61965E+1
2.06055E-2	7.64916E+1
1.96289E-2	7.68161E+1
1.96289E-2	7.71192E+1
1.79687E-2	7.74418E+1
1.80664E-2	7.77683E+1
1.53320E-2	7.80941E+1
1.60156E-2	7.84069E+1
1.51367E-2	7.87303E+1
1.51367E-2	7.90598E+1
1.38672E-2	7.93763E+1
1.39648E-2	7.96821E+1
1.15234E-2	7.99971E+1
1.19141E-2	8.03094E+1
9.27734E-3	8.06294E+1
9.08203E-3	8.09441E+1
8.88672E-3	8.12562E+1
8.20313E-3	8.15775E+1
5.56641E-3	8.19086E+1
5.66406E-3	8.22347E+1
4.58984E-3	8.25473E+1
4.78516E-3	8.28676E+1
3.61328E-3	8.31939E+1
3.61328E-3	8.35061E+1
2.24609E-3	8.38066E+1
2.44141E-3	8.41305E+1
3.90625E-4	8.44555E+1
8.78906E-4	8.47466E+1
2.92969E-4	8.50698E+1
2.92969E-4	8.53966E+1
9.76563E-5	8.57306E+1
3.90625E-4	8.60418E+1
2.92969E-4	8.63539E+1
3.90625E-4	8.66786E+1
9.76563E-5	8.69803E+1
6.83594E-4	8.73050E+1
1.46484E-3	8.76251E+1
8.78906E-4	8.79417E+1
1.75781E-3	8.82445E+1
2.05078E-3	8.85550E+1
4.29688E-3	8.88766E+1
4.29688E-3	8.91812E+1
5.07813E-3	8.95085E+1
5.95703E-3	8.98124E+1
7.03125E-3	9.01302E+1
7.03125E-3	9.04439E+1
8.30078E-3	9.07624E+1
8.78906E-3	9.10833E+1
1.02539E-2	9.13882E+1
1.06445E-2	9.17111E+1
1.34766E-2	9.20461E+1
1.34766E-2	9.23560E+1
1.52344E-2	9.26747E+1
1.48437E-2	9.29605E+1
1.66992E-2	9.32808E+1
1.74805E-2	9.35990E+1
1.95312E-2	9.39213E+1
1.92383E-2	9.42403E+1
2.12891E-2	9.45519E+1
2.09961E-2	9.48792E+1
2.26562E-2	9.52015E+1
2.41211E-2	9.55220E+1
2.46094E-2	9.58382E+1
2.30469E-2	9.61598E+1
2.44141E-2	9.64747E+1
2.49023E-2	9.67783E+1
2.53906E-2	9.71049E+1
2.54883E-2	9.74237E+1
2.50977E-2	9.77468E+1
2.50000E-2	9.80615E+1
2.48047E-2	9.83802E+1
2.53906E-2	9.87090E+1
2.50977E-2	9.90369E+1
2.58789E-2	9.93527E+1
2.42188E-2	9.96789E+1
2.34375E-2	9.99940E+1
2.33398E-2	1.00304E+2
2.33398E-2	1.00625E+2
2.20703E-2	1.00942E+2
2.06055E-2	1.01229E+2
2.08984E-2	1.01544E+2
2.13867E-2	1.01868E+2
1.98242E-2	1.02181E+2
1.97266E-2	1.02503E+2
1.84570E-2	1.02818E+2
1.82617E-2	1.03148E+2
1.42578E-2	1.03460E+2
1.61133E-2	1.03789E+2
1.37695E-2	1.04108E+2
1.42578E-2	1.04421E+2
1.03516E-2	1.04745E+2
1.00586E-2	1.05060E+2
6.73828E-3	1.05386E+2
6.34766E-3	1.05702E+2
5.17578E-3	1.06023E+2
2.05078E-3	1.06311E+2
2.92969E-4	1.06609E+2
9.76563E-5	1.06938E+2
2.05078E-3	1.07267E+2
8.00781E-3	1.07583E+2
1.75781E-3	1.07892E+2
9.76562E-4	1.08200E+2
0.00000E+0	1.08527E+2
0.00000E+0	1.08850E+2
0.00000E+0	1.09169E+2
0.00000E+0	1.09462E+2
0.00000E+0	1.09775E+2
0.00000E+0	1.10098E+2
0.00000E+0	1.10410E+2
0.00000E+0	1.10730E+2
0.00000E+0	1.11039E+2
0.00000E+0	1.11353E+2
0.00000E+0	1.11678E+2
0.00000E+0	1.11993E+2
0.00000E+0	1.12311E+2
0.00000E+0	1.12636E+2
2.92969E-4	1.12959E+2
9.76562E-4	1.13259E+2
1.07422E-3	1.13551E+2
6.83594E-4	1.13853E+2
2.92969E-3	1.14155E+2
4.49219E-3	1.14471E+2
5.56641E-3	1.14802E+2
4.88281E-3	1.15124E+2
6.64062E-3	1.15426E+2
6.25000E-3	1.15741E+2
8.78906E-3	1.16054E+2
8.88672E-3	1.16367E+2
1.12305E-2	1.16672E+2
1.11328E-2	1.16985E+2
1.21094E-2	1.17310E+2
1.19141E-2	1.17608E+2
1.42578E-2	1.17904E+2
1.39648E-2	1.18234E+2
1.51367E-2	1.18551E+2
1.52344E-2	1.18880E+2
1.52344E-2	1.19202E+2
1.55273E-2	1.19516E+2
1.66016E-2	1.19834E+2
1.70898E-2	1.20136E+2
1.74805E-2	1.20445E+2
1.67969E-2	1.20748E+2
1.75781E-2	1.21056E+2
1.78711E-2	1.21382E+2
1.79687E-2	1.21697E+2
1.81641E-2	1.22018E+2
1.82617E-2	1.22336E+2
1.82617E-2	1.22662E+2
1.80664E-2	1.22966E+2
1.83594E-2	1.23284E+2
1.81641E-2	1.23600E+2
1.85547E-2	1.23922E+2
1.78711E-2	1.24241E+2
1.86523E-2	1.24565E+2
1.82617E-2	1.24896E+2
1.80664E-2	1.25205E+2
1.81641E-2	1.25532E+2
1.79687E-2	1.25843E+2
1.58203E-2	1.26131E+2
1.61133E-2	1.26459E+2
1.49414E-2	1.26779E+2
1.48437E-2	1.27097E+2
1.42578E-2	1.27406E+2
1.41602E-2	1.27733E+2
9.86328E-3	1.28065E+2
1.14258E-2	1.28372E+2
9.76562E-3	1.28690E+2
9.66797E-3	1.29012E+2
6.54297E-3	1.29322E+2
8.20313E-3	1.29648E+2
5.56641E-3	1.29957E+2
5.56641E-3	1.30278E+2
4.88281E-3	1.30585E+2
3.90625E-3	1.30891E+2
2.63672E-3	1.31217E+2
2.83203E-3	1.31531E+2
1.95313E-4	1.31856E+2
2.92969E-4	1.32177E+2
9.76563E-5	1.32490E+2
0.00000E+0	1.32803E+2
0.00000E+0	1.33131E+2
0.00000E+0	1.33454E+2
0.00000E+0	1.33772E+2
0.00000E+0	1.34098E+2
0.00000E+0	1.34385E+2
0.00000E+0	1.34711E+2
0.00000E+0	1.35008E+2
0.00000E+0	1.35326E+2
0.00000E+0	1.35646E+2
0.00000E+0	1.35951E+2
0.00000E+0	1.36277E+2
0.00000E+0	1.36592E+2
0.00000E+0	1.36910E+2
0.00000E+0	1.37234E+2
0.00000E+0	1.37550E+2
0.00000E+0	1.37872E+2
0.00000E+0	1.38186E+2
0.00000E+0	1.38507E+2
0.00000E+0	1.38822E+2
0.00000E+0	1.39144E+2
0.00000E+0	1.39461E+2
0.00000E+0	1.39779E+2
0.00000E+0	1.40087E+2
0.00000E+0	1.40408E+2
0.00000E+0	1.40727E+2
0.00000E+0	1.41041E+2
0.00000E+0	1.41350E+2
0.00000E+0	1.41687E+2
7.81250E-4	1.42003E+2
1.07422E-3	1.42322E+2
2.34375E-3	1.42610E+2
3.02734E-3	1.42921E+2
4.10156E-3	1.43243E+2
4.58984E-3	1.43550E+2
5.07813E-3	1.43858E+2
5.27344E-3	1.44178E+2
5.56641E-3	1.44498E+2
6.25000E-3	1.44811E+2
6.93359E-3	1.45137E+2
6.05469E-3	1.45466E+2
7.32422E-3	1.45780E+2
7.03125E-3	1.46102E+2
7.91016E-3	1.46420E+2
8.00781E-3	1.46733E+2
8.10547E-3	1.47036E+2
8.39844E-3	1.47357E+2
7.71484E-3	1.47642E+2
8.49609E-3	1.47955E+2
7.12891E-3	1.48283E+2
7.91016E-3	1.48598E+2
6.73828E-3	1.48916E+2
6.64062E-3	1.49234E+2
6.44531E-3	1.49557E+2
7.12891E-3	1.49876E+2
5.56641E-3	1.50196E+2
6.05469E-3	1.50515E+2
5.17578E-3	1.50829E+2
4.78516E-3	1.51123E+2
4.19922E-3	1.51440E+2
4.78516E-3	1.51748E+2
2.92969E-3	1.52072E+2
1.75781E-3	1.52376E+2
1.66016E-3	1.52698E+2
1.17187E-3	1.53024E+2
1.95313E-4	1.53340E+2
9.76563E-5	1.53658E+2
0.00000E+0	1.53971E+2
0.00000E+0	1.54299E+2
0.00000E+0	1.54608E+2
0.00000E+0	1.54921E+2
0.00000E+0	1.55239E+2
0.00000E+0	1.55558E+2
0.00000E+0	1.55894E+2
0.00000E+0	1.56214E+2
0.00000E+0	1.56530E+2
0.00000E+0	1.56848E+2
0.00000E+0	1.57172E+2
0.00000E+0	1.57500E+2
0.00000E+0	1.57808E+2
0.00000E+0	1.58141E+2
0.00000E+0	1.58467E+2
0.00000E+0	1.58782E+2
0.00000E+0	1.59087E+2
0.00000E+0	1.59395E+2
0.00000E+0	1.59719E+2
0.00000E+0	1.60023E+2
0.00000E+0	1.60346E+2
0.00000E+0	1.60673E+2
0.00000E+0	1.60988E+2
0.00000E+0	1.61306E+2
0.00000E+0	1.61629E+2
0.00000E+0	1.61934E+2
0.00000E+0	1.62243E+2
0.00000E+0	1.62558E+2
0.00000E+0	1.62873E+2
0.00000E+0	1.63180E+2
0.00000E+0	1.63500E+2
0.00000E+0	1.63807E+2
0.00000E+0	1.64134E+2
0.00000E+0	1.64446E+2
0.00000E+0	1.64772E+2
0.00000E+0	1.65091E+2
0.00000E+0	1.65396E+2
0.00000E+0	1.65711E+2
0.00000E+0	1.66024E+2
0.00000E+0	1.66341E+2
0.00000E+0	1.66662E+2
0.00000E+0	1.66988E+2
0.00000E+0	1.67315E+2
0.00000E+0	1.67602E+2
0.00000E+0	1.67923E+2
0.00000E+0	1.68251E+2
0.00000E+0	1.68558E+2
0.00000E+0	1.68874E+2
0.00000E+0	1.69190E+2
0.00000E+0	1.69502E+2
0.00000E+0	1.69811E+2
0.00000E+0	1.70122E+2
0.00000E+0	1.70438E+2
0.00000E+0	1.70740E+2
0.00000E+0	1.71045E+2
0.00000E+0	1.71357E+2
0.00000E+0	1.71676E+2
0.00000E+0	1.71992E+2
0.00000E+0	1.72323E+2
0.00000E+0	1.72644E+2
0.00000E+0	1.72952E+2
0.00000E+0	1.73282E+2
0.00000E+0	1.73594E+2
