9.57031E-2	1.72056E+0
9.76562E-4	1.76269E+0
9.76562E-4	1.80365E+0
0.00000E+0	1.84380E+0
0.00000E+0	1.88181E+0
9.76562E-4	1.92033E+0
9.76562E-4	1.96396E+0
1.95312E-3	2.00600E+0
0.00000E+0	2.04936E+0
1.95312E-3	2.09031E+0
1.95312E-3	2.12954E+0
9.76562E-4	2.17052E+0
0.00000E+0	2.20940E+0
0.00000E+0	2.25091E+0
9.76562E-4	2.29288E+0
0.00000E+0	2.33486E+0
1.95312E-3	2.37663E+0
9.76562E-4	2.41859E+0
9.76562E-4	2.45830E+0
0.00000E+0	2.49913E+0
9.76562E-4	2.53909E+0
0.00000E+0	2.58210E+0
1.95312E-3	2.62154E+0
9.76562E-4	2.66051E+0
0.00000E+0	2.70424E+0
9.76562E-4	2.74224E+0
0.00000E+0	2.78223E+0
9.76562E-4	2.82001E+0
0.00000E+0	2.85900E+0
9.76562E-4	2.89897E+0
9.76562E-4	2.93779E+0
0.00000E+0	2.97672E+0
0.00000E+0	3.01572E+0
2.92969E-3	3.05500E+0
1.95312E-3	3.09368E+0
1.95312E-3	3.13204E+0
0.00000E+0	3.17074E+0
2.92969E-3	3.21275E+0
0.00000E+0	3.25301E+0
9.76562E-4	3.29144E+0
1.95312E-3	3.33233E+0
9.76562E-4	3.37424E+0
9.76562E-4	3.41424E+0
1.95312E-3	3.45572E+0
1.95312E-3	3.49751E+0
1.95312E-3	3.53751E+0
9.76562E-4	3.58037E+0
1.95312E-3	3.62107E+0
2.92969E-3	3.65940E+0
1.95312E-3	3.69891E+0
2.92969E-3	3.73904E+0
0.00000E+0	3.78204E+0
9.76562E-4	3.82493E+0
9.76562E-4	3.86594E+0
1.95312E-3	3.90749E+0
0.00000E+0	3.94819E+0
3.90625E-3	3.99060E+0
1.95312E-3	4.03327E+0
2.92969E-3	4.07545E+0
1.95312E-3	4.11769E+0
3.90625E-3	4.15925E+0
1.95312E-3	4.20028E+0
1.95312E-3	4.24028E+0
1.95312E-3	4.27827E+0
3.90625E-3	4.31907E+0
2.92969E-3	4.36010E+0
4.88281E-3	4.40192E+0
4.88281E-3	4.44289E+0
9.76562E-4	4.48123E+0
2.92969E-3	4.52375E+0
9.76562E-4	4.56376E+0
3.90625E-3	4.60092E+0
3.90625E-3	4.64293E+0
1.95312E-3	4.68228E+0
1.95312E-3	4.72084E+0
1.95312E-3	4.76226E+0
1.95312E-3	4.80228E+0
4.88281E-3	4.84229E+0
3.90625E-3	4.88216E+0
4.88281E-3	4.92513E+0
5.85937E-3	4.96313E+0
3.90625E-3	5.00627E+0
4.88281E-3	5.04394E+0
9.76562E-4	5.08092E+0
9.76562E-4	5.12070E+0
1.95312E-3	5.16171E+0
3.90625E-3	5.20373E+0
1.95312E-3	5.24269E+0
5.85937E-3	5.28539E+0
3.90625E-3	5.32585E+0
2.92969E-3	5.36593E+0
2.92969E-3	5.40701E+0
3.90625E-3	5.45019E+0
3.90625E-3	5.49222E+0
9.76562E-4	5.53060E+0
4.88281E-3	5.57292E+0
2.92969E-3	5.61142E+0
3.90625E-3	5.65127E+0
3.90625E-3	5.69031E+0
9.76562E-4	5.73081E+0
1.95312E-3	5.77052E+0
1.95312E-3	5.80935E+0
4.88281E-3	5.85035E+0
9.76562E-4	5.89236E+0
3.90625E-3	5.93519E+0
4.88281E-3	5.97417E+0
2.92969E-3	6.01358E+0
3.90625E-3	6.05506E+0
9.76562E-4	6.09507E+0
5.85937E-3	6.13461E+0
3.90625E-3	6.17458E+0
3.90625E-3	6.21557E+0
2.92969E-3	6.25677E+0
2.92969E-3	6.29904E+0
3.90625E-3	6.33999E+0
1.95312E-3	6.37870E+0
3.90625E-3	6.41902E+0
1.95312E-3	6.45900E+0
1.95312E-3	6.50125E+0
9.76562E-4	6.54229E+0
3.90625E-3	6.58349E+0
3.90625E-3	6.62358E+0
3.90625E-3	6.66579E+0
9.76562E-4	6.70777E+0
2.92969E-3	6.74775E+0
2.92969E-3	6.78878E+0
1.95312E-3	6.82755E+0
3.90625E-3	6.86655E+0
1.95312E-3	6.90769E+0
2.92969E-3	6.94772E+0
2.92969E-3	6.98770E+0
2.92969E-3	7.02828E+0
0.00000E+0	7.06898E+0
0.00000E+0	7.10835E+0
1.95312E-3	7.15130E+0
0.00000E+0	7.19234E+0
1.95312E-3	7.23332E+0
9.76562E-4	7.27611E+0
2.92969E-3	7.31700E+0
2.92969E-3	7.35507E+0
1.95312E-3	7.39502E+0
2.92969E-3	7.43702E+0
1.95312E-3	7.48004E+0
3.90625E-3	7.52221E+0
1.95312E-3	7.56025E+0
2.92969E-3	7.60065E+0
0.00000E+0	7.64465E+0
1.95312E-3	7.68654E+0
9.76562E-4	7.72755E+0
3.90625E-3	7.77074E+0
1.95312E-3	7.81254E+0
1.95312E-3	7.85393E+0
0.00000E+0	7.89694E+0
0.00000E+0	7.93560E+0
9.76562E-4	7.97304E+0
2.92969E-3	8.01514E+0
1.95312E-3	8.05512E+0
1.95312E-3	8.09824E+0
0.00000E+0	8.13979E+0
9.76562E-4	8.17924E+0
1.95312E-3	8.21625E+0
1.95312E-3	8.25469E+0
1.95312E-3	8.29468E+0
9.76562E-4	8.33731E+0
9.76562E-4	8.37622E+0
1.95312E-3	8.41511E+0
0.00000E+0	8.45616E+0
0.00000E+0	8.49616E+0
2.92969E-3	8.53703E+0
9.76562E-4	8.57738E+0
1.95312E-3	8.62050E+0
0.00000E+0	8.66050E+0
9.76562E-4	8.70042E+0
0.00000E+0	8.74042E+0
0.00000E+0	8.78141E+0
9.76562E-4	8.82094E+0
0.00000E+0	8.86128E+0
0.00000E+0	8.90225E+0
0.00000E+0	8.94126E+0
9.76562E-4	8.98006E+0
9.76562E-4	9.01986E+0
0.00000E+0	9.06183E+0
1.95312E-3	9.10421E+0
9.76562E-4	9.14278E+0
1.95312E-3	9.18221E+0
1.95312E-3	9.22188E+0
0.00000E+0	9.26088E+0
9.76562E-4	9.30201E+0
9.76562E-4	9.34130E+0
9.76562E-4	9.38402E+0
9.76562E-4	9.42599E+0
1.95312E-3	9.46574E+0
0.00000E+0	9.50611E+0
2.92969E-3	9.54711E+0
1.95312E-3	9.58740E+0
9.76562E-4	9.62607E+0
0.00000E+0	9.66724E+0
1.95312E-3	9.70529E+0
1.95312E-3	9.74586E+0
9.76562E-4	9.78877E+0
1.95312E-3	9.82977E+0
1.95312E-3	9.87043E+0
9.76562E-4	9.91218E+0
1.95312E-3	9.95121E+0
0.00000E+0	9.99333E+0
1.95312E-3	1.00353E+1
0.00000E+0	1.00780E+1
1.95312E-3	1.01170E+1
9.76562E-4	1.01584E+1
1.95312E-3	1.01964E+1
1.95312E-3	1.02374E+1
2.92969E-3	1.02804E+1
0.00000E+0	1.03207E+1
1.95312E-3	1.03627E+1
9.76562E-4	1.04034E+1
0.00000E+0	1.04446E+1
2.92969E-3	1.04849E+1
9.76562E-4	1.05281E+1
9.76562E-4	1.05689E+1
9.76562E-4	1.06112E+1
9.76562E-4	1.06539E+1
2.92969E-3	1.06939E+1
2.92969E-3	1.07346E+1
0.00000E+0	1.07760E+1
1.95312E-3	1.08167E+1
0.00000E+0	1.08594E+1
9.76562E-4	1.08994E+1
0.00000E+0	1.09394E+1
9.76562E-4	1.09794E+1
1.95312E-3	1.10174E+1
9.76562E-4	1.10594E+1
9.76562E-4	1.11014E+1
9.76562E-4	1.11397E+1
1.95312E-3	1.11771E+1
1.95312E-3	1.12187E+1
1.95312E-3	1.12587E+1
0.00000E+0	1.12998E+1
1.95312E-3	1.13378E+1
1.95312E-3	1.13757E+1
9.76562E-4	1.14168E+1
0.00000E+0	1.14567E+1
9.76562E-4	1.14991E+1
9.76562E-4	1.15401E+1
2.92969E-3	1.15848E+1
9.76562E-4	1.16258E+1
1.95312E-3	1.16647E+1
1.95312E-3	1.17057E+1
1.95312E-3	1.17487E+1
9.76562E-4	1.17925E+1
1.95312E-3	1.18325E+1
0.00000E+0	1.18715E+1
2.92969E-3	1.19121E+1
1.95312E-3	1.19511E+1
9.76562E-4	1.19921E+1
2.92969E-3	1.20341E+1
3.90625E-3	1.20782E+1
3.90625E-3	1.21181E+1
3.90625E-3	1.21574E+1
9.76562E-4	1.21994E+1
0.00000E+0	1.22370E+1
2.92969E-3	1.22759E+1
2.92969E-3	1.23170E+1
9.76562E-4	1.23588E+1
1.95312E-3	1.23978E+1
9.76562E-4	1.24400E+1
1.95312E-3	1.24800E+1
1.95312E-3	1.25219E+1
3.90625E-3	1.25620E+1
9.76562E-4	1.26020E+1
2.92969E-3	1.26440E+1
1.95312E-3	1.26852E+1
2.92969E-3	1.27252E+1
3.90625E-3	1.27672E+1
2.92969E-3	1.28104E+1
1.95312E-3	1.28487E+1
1.95312E-3	1.28890E+1
3.90625E-3	1.29285E+1
0.00000E+0	1.29699E+1
2.92969E-3	1.30108E+1
4.88281E-3	1.30520E+1
1.95312E-3	1.30920E+1
1.95312E-3	1.31300E+1
1.95312E-3	1.31728E+1
1.95312E-3	1.32149E+1
9.76562E-4	1.32559E+1
2.92969E-3	1.32949E+1
9.76562E-4	1.33356E+1
9.76562E-4	1.33747E+1
9.76562E-4	1.34146E+1
1.95312E-3	1.34529E+1
1.95312E-3	1.34940E+1
9.76562E-4	1.35345E+1
2.92969E-3	1.35766E+1
9.76562E-4	1.36188E+1
1.95312E-3	1.36584E+1
1.95312E-3	1.36989E+1
2.92969E-3	1.37413E+1
9.76562E-4	1.37841E+1
1.95312E-3	1.38265E+1
2.92969E-3	1.38675E+1
9.76562E-4	1.39071E+1
9.76562E-4	1.39460E+1
9.76562E-4	1.39889E+1
9.76562E-4	1.40274E+1
9.76562E-4	1.40680E+1
9.76562E-4	1.41080E+1
0.00000E+0	1.41519E+1
9.76562E-4	1.41948E+1
9.76562E-4	1.42370E+1
9.76562E-4	1.42781E+1
9.76562E-4	1.43181E+1
1.95312E-3	1.43600E+1
1.95312E-3	1.44001E+1
9.76562E-4	1.44418E+1
1.95312E-3	1.44820E+1
0.00000E+0	1.45209E+1
0.00000E+0	1.45627E+1
9.76562E-4	1.46026E+1
1.95312E-3	1.46416E+1
0.00000E+0	1.46817E+1
9.76562E-4	1.47210E+1
0.00000E+0	1.47631E+1
9.76562E-4	1.48034E+1
1.95312E-3	1.48435E+1
1.95312E-3	1.48829E+1
9.76562E-4	1.49248E+1
9.76562E-4	1.49677E+1
1.95312E-3	1.50098E+1
0.00000E+0	1.50537E+1
0.00000E+0	1.50927E+1
2.92969E-3	1.51335E+1
0.00000E+0	1.51725E+1
0.00000E+0	1.52131E+1
0.00000E+0	1.52534E+1
0.00000E+0	1.52946E+1
0.00000E+0	1.53364E+1
9.76562E-4	1.53765E+1
0.00000E+0	1.54189E+1
0.00000E+0	1.54617E+1
0.00000E+0	1.55007E+1
9.76562E-4	1.55426E+1
0.00000E+0	1.55827E+1
0.00000E+0	1.56256E+1
9.76562E-4	1.56647E+1
9.76562E-4	1.57048E+1
0.00000E+0	1.57438E+1
0.00000E+0	1.57838E+1
0.00000E+0	1.58250E+1
9.76562E-4	1.58646E+1
9.76562E-4	1.59044E+1
0.00000E+0	1.59444E+1
9.76562E-4	1.59853E+1
9.76562E-4	1.60293E+1
0.00000E+0	1.60703E+1
0.00000E+0	1.61137E+1
0.00000E+0	1.61520E+1
0.00000E+0	1.61925E+1
9.76562E-4	1.62327E+1
0.00000E+0	1.62708E+1
0.00000E+0	1.63111E+1
0.00000E+0	1.63539E+1
0.00000E+0	1.63941E+1
0.00000E+0	1.64339E+1
0.00000E+0	1.64767E+1
0.00000E+0	1.65193E+1
1.95312E-3	1.65599E+1
0.00000E+0	1.65985E+1
0.00000E+0	1.66407E+1
1.95312E-3	1.66816E+1
0.00000E+0	1.67209E+1
0.00000E+0	1.67613E+1
0.00000E+0	1.68026E+1
0.00000E+0	1.68457E+1
0.00000E+0	1.68876E+1
0.00000E+0	1.69285E+1
9.76562E-4	1.69688E+1
0.00000E+0	1.70112E+1
0.00000E+0	1.70484E+1
9.76562E-4	1.70889E+1
9.76562E-4	1.71309E+1
9.76562E-4	1.71718E+1
0.00000E+0	1.72142E+1
0.00000E+0	1.72528E+1
9.76562E-4	1.72969E+1
9.76562E-4	1.73400E+1
0.00000E+0	1.73823E+1
2.92969E-3	1.74238E+1
2.92969E-3	1.74634E+1
0.00000E+0	1.75030E+1
9.76562E-4	1.75401E+1
9.76562E-4	1.75790E+1
9.76562E-4	1.76194E+1
1.95312E-3	1.76635E+1
1.95312E-3	1.77058E+1
2.92969E-3	1.77458E+1
0.00000E+0	1.77867E+1
0.00000E+0	1.78277E+1
0.00000E+0	1.78689E+1
0.00000E+0	1.79156E+1
2.92969E-3	1.79557E+1
9.76562E-4	1.79966E+1
2.92969E-3	1.80396E+1
2.92969E-3	1.80812E+1
1.95312E-3	1.81205E+1
1.95312E-3	1.81624E+1
0.00000E+0	1.82026E+1
2.92969E-3	1.82437E+1
1.95312E-3	1.82822E+1
3.90625E-3	1.83240E+1
4.88281E-3	1.83620E+1
2.92969E-3	1.84021E+1
3.90625E-3	1.84439E+1
2.92969E-3	1.84819E+1
3.90625E-3	1.85218E+1
3.90625E-3	1.85628E+1
4.88281E-3	1.86055E+1
5.85937E-3	1.86472E+1
4.88281E-3	1.86872E+1
5.85937E-3	1.87288E+1
3.90625E-3	1.87706E+1
5.85937E-3	1.88126E+1
5.85937E-3	1.88515E+1
6.83594E-3	1.88930E+1
2.92969E-3	1.89329E+1
8.78906E-3	1.89738E+1
6.83594E-3	1.90147E+1
6.83594E-3	1.90569E+1
6.83594E-3	1.90956E+1
5.85937E-3	1.91352E+1
6.83594E-3	1.91790E+1
4.88281E-3	1.92189E+1
5.85937E-3	1.92590E+1
6.83594E-3	1.93003E+1
8.78906E-3	1.93390E+1
1.07422E-2	1.93783E+1
7.81250E-3	1.94181E+1
5.85937E-3	1.94638E+1
6.83594E-3	1.95068E+1
8.78906E-3	1.95454E+1
8.78906E-3	1.95843E+1
9.76562E-3	1.96270E+1
5.85937E-3	1.96674E+1
1.07422E-2	1.97081E+1
8.78906E-3	1.97471E+1
8.78906E-3	1.97873E+1
1.07422E-2	1.98264E+1
7.81250E-3	1.98644E+1
1.07422E-2	1.99060E+1
5.85937E-3	1.99486E+1
9.76562E-3	1.99895E+1
9.76562E-3	2.00296E+1
1.17187E-2	2.00704E+1
1.07422E-2	2.01120E+1
1.07422E-2	2.01530E+1
1.26953E-2	2.01953E+1
9.76562E-3	2.02342E+1
1.17187E-2	2.02770E+1
9.76562E-3	2.03179E+1
1.26953E-2	2.03583E+1
9.76562E-3	2.03969E+1
1.26953E-2	2.04415E+1
8.78906E-3	2.04841E+1
1.17187E-2	2.05250E+1
8.78906E-3	2.05651E+1
1.46484E-2	2.06080E+1
1.07422E-2	2.06484E+1
1.26953E-2	2.06908E+1
9.76562E-3	2.07319E+1
1.17187E-2	2.07738E+1
7.81250E-3	2.08142E+1
1.36719E-2	2.08568E+1
1.07422E-2	2.08962E+1
1.36719E-2	2.09373E+1
9.76562E-3	2.09793E+1
1.07422E-2	2.10182E+1
1.46484E-2	2.10603E+1
8.78906E-3	2.11009E+1
1.17187E-2	2.11409E+1
8.78906E-3	2.11828E+1
1.26953E-2	2.12268E+1
7.81250E-3	2.12680E+1
1.36719E-2	2.13080E+1
9.76562E-3	2.13499E+1
1.07422E-2	2.13903E+1
8.78906E-3	2.14305E+1
1.26953E-2	2.14707E+1
1.07422E-2	2.15134E+1
9.76562E-3	2.15540E+1
1.26953E-2	2.15927E+1
8.78906E-3	2.16320E+1
9.76562E-3	2.16763E+1
6.83594E-3	2.17162E+1
8.78906E-3	2.17552E+1
6.83594E-3	2.17943E+1
1.07422E-2	2.18345E+1
8.78906E-3	2.18743E+1
6.83594E-3	2.19135E+1
7.81250E-3	2.19559E+1
7.81250E-3	2.19969E+1
8.78906E-3	2.20360E+1
8.78906E-3	2.20754E+1
4.88281E-3	2.21157E+1
9.76562E-3	2.21556E+1
6.83594E-3	2.21961E+1
9.76562E-3	2.22388E+1
7.81250E-3	2.22792E+1
7.81250E-3	2.23182E+1
6.83594E-3	2.23582E+1
6.83594E-3	2.24017E+1
6.83594E-3	2.24442E+1
4.88281E-3	2.24863E+1
1.95312E-3	2.25295E+1
5.85937E-3	2.25724E+1
3.90625E-3	2.26132E+1
3.90625E-3	2.26542E+1
4.88281E-3	2.26950E+1
3.90625E-3	2.27349E+1
3.90625E-3	2.27747E+1
1.95312E-3	2.28144E+1
3.90625E-3	2.28536E+1
4.88281E-3	2.28921E+1
5.85937E-3	2.29366E+1
1.95312E-3	2.29802E+1
3.90625E-3	2.30214E+1
1.95312E-3	2.30639E+1
2.92969E-3	2.31024E+1
1.95312E-3	2.31448E+1
3.90625E-3	2.31857E+1
2.92969E-3	2.32258E+1
3.90625E-3	2.32664E+1
9.76562E-4	2.33079E+1
1.95312E-3	2.33498E+1
3.90625E-3	2.33907E+1
9.76562E-4	2.34319E+1
2.92969E-3	2.34744E+1
9.76562E-4	2.35150E+1
9.76562E-4	2.35560E+1
1.95312E-3	2.35939E+1
1.95312E-3	2.36332E+1
1.95312E-3	2.36736E+1
0.00000E+0	2.37153E+1
1.95312E-3	2.37557E+1
0.00000E+0	2.37994E+1
0.00000E+0	2.38389E+1
0.00000E+0	2.38792E+1
9.76562E-4	2.39210E+1
0.00000E+0	2.39628E+1
1.95312E-3	2.40019E+1
9.76562E-4	2.40429E+1
0.00000E+0	2.40849E+1
0.00000E+0	2.41256E+1
9.76562E-4	2.41680E+1
9.76562E-4	2.42104E+1
0.00000E+0	2.42525E+1
9.76562E-4	2.42953E+1
9.76562E-4	2.43364E+1
9.76562E-4	2.43771E+1
9.76562E-4	2.44150E+1
0.00000E+0	2.44572E+1
0.00000E+0	2.44962E+1
0.00000E+0	2.45372E+1
0.00000E+0	2.45796E+1
0.00000E+0	2.46206E+1
0.00000E+0	2.46634E+1
0.00000E+0	2.47025E+1
2.92969E-3	2.47424E+1
9.76562E-4	2.47814E+1
1.95312E-3	2.48193E+1
9.76562E-4	2.48593E+1
0.00000E+0	2.49001E+1
9.76562E-4	2.49403E+1
0.00000E+0	2.49842E+1
9.76562E-4	2.50216E+1
9.76562E-4	2.50616E+1
1.95312E-3	2.51016E+1
1.95312E-3	2.51419E+1
1.95312E-3	2.51827E+1
0.00000E+0	2.52206E+1
1.95312E-3	2.52608E+1
1.95312E-3	2.53008E+1
1.95312E-3	2.53388E+1
0.00000E+0	2.53800E+1
0.00000E+0	2.54215E+1
0.00000E+0	2.54608E+1
9.76562E-4	2.54988E+1
9.76562E-4	2.55378E+1
1.95312E-3	2.55802E+1
2.92969E-3	2.56203E+1
1.95312E-3	2.56603E+1
1.95312E-3	2.57032E+1
2.92969E-3	2.57442E+1
1.95312E-3	2.57874E+1
1.95312E-3	2.58285E+1
1.95312E-3	2.58704E+1
1.95312E-3	2.59126E+1
3.90625E-3	2.59517E+1
3.90625E-3	2.59927E+1
1.95312E-3	2.60327E+1
3.90625E-3	2.60747E+1
2.92969E-3	2.61172E+1
2.92969E-3	2.61619E+1
5.85937E-3	2.62023E+1
1.95312E-3	2.62451E+1
5.85937E-3	2.62862E+1
4.88281E-3	2.63272E+1
4.88281E-3	2.63682E+1
5.85937E-3	2.64085E+1
4.88281E-3	2.64477E+1
6.83594E-3	2.64887E+1
4.88281E-3	2.65322E+1
7.81250E-3	2.65741E+1
5.85937E-3	2.66121E+1
7.81250E-3	2.66501E+1
8.78906E-3	2.66909E+1
8.78906E-3	2.67328E+1
9.76562E-3	2.67740E+1
9.76562E-3	2.68138E+1
9.76562E-3	2.68549E+1
9.76562E-3	2.68963E+1
1.26953E-2	2.69384E+1
5.85937E-3	2.69784E+1
1.36719E-2	2.70193E+1
7.81250E-3	2.70623E+1
1.17187E-2	2.71013E+1
1.17187E-2	2.71448E+1
1.07422E-2	2.71831E+1
1.56250E-2	2.72210E+1
9.76562E-3	2.72607E+1
1.17187E-2	2.73017E+1
1.36719E-2	2.73397E+1
1.17187E-2	2.73816E+1
1.46484E-2	2.74207E+1
1.46484E-2	2.74622E+1
1.66016E-2	2.75034E+1
1.36719E-2	2.75432E+1
1.56250E-2	2.75817E+1
1.56250E-2	2.76225E+1
1.46484E-2	2.76654E+1
1.75781E-2	2.77046E+1
1.66016E-2	2.77446E+1
2.05078E-2	2.77834E+1
1.75781E-2	2.78243E+1
1.75781E-2	2.78647E+1
2.14844E-2	2.79066E+1
1.85547E-2	2.79450E+1
1.95312E-2	2.79853E+1
2.05078E-2	2.80268E+1
2.14844E-2	2.80690E+1
2.24609E-2	2.81088E+1
1.75781E-2	2.81467E+1
2.34375E-2	2.81887E+1
1.85547E-2	2.82304E+1
2.34375E-2	2.82712E+1
2.14844E-2	2.83105E+1
2.63672E-2	2.83522E+1
2.05078E-2	2.83935E+1
2.34375E-2	2.84325E+1
2.24609E-2	2.84775E+1
2.44141E-2	2.85149E+1
2.63672E-2	2.85567E+1
2.34375E-2	2.85972E+1
2.92969E-2	2.86384E+1
2.53906E-2	2.86752E+1
2.24609E-2	2.87136E+1
2.53906E-2	2.87549E+1
2.53906E-2	2.87972E+1
2.34375E-2	2.88393E+1
2.53906E-2	2.88832E+1
2.73437E-2	2.89242E+1
2.53906E-2	2.89662E+1
2.63672E-2	2.90080E+1
2.44141E-2	2.90489E+1
2.63672E-2	2.90880E+1
2.34375E-2	2.91278E+1
2.92969E-2	2.91698E+1
2.34375E-2	2.92092E+1
2.53906E-2	2.92507E+1
2.24609E-2	2.92941E+1
2.44141E-2	2.93317E+1
2.63672E-2	2.93735E+1
2.34375E-2	2.94122E+1
2.92969E-2	2.94541E+1
2.34375E-2	2.94920E+1
2.44141E-2	2.95331E+1
2.24609E-2	2.95759E+1
1.85547E-2	2.96152E+1
2.44141E-2	2.96559E+1
2.34375E-2	2.96940E+1
2.44141E-2	2.97359E+1
2.05078E-2	2.97781E+1
2.34375E-2	2.98192E+1
2.24609E-2	2.98622E+1
2.44141E-2	2.99060E+1
1.95312E-2	2.99470E+1
2.05078E-2	2.99875E+1
1.85547E-2	3.00285E+1
1.95312E-2	3.00705E+1
1.85547E-2	3.01118E+1
2.14844E-2	3.01528E+1
1.75781E-2	3.01941E+1
1.66016E-2	3.02332E+1
1.85547E-2	3.02741E+1
1.26953E-2	3.03152E+1
1.85547E-2	3.03539E+1
1.17187E-2	3.03929E+1
1.66016E-2	3.04348E+1
1.56250E-2	3.04772E+1
1.66016E-2	3.05182E+1
1.26953E-2	3.05601E+1
1.17187E-2	3.06001E+1
1.17187E-2	3.06421E+1
1.17187E-2	3.06829E+1
1.36719E-2	3.07222E+1
1.36719E-2	3.07650E+1
1.36719E-2	3.08045E+1
1.26953E-2	3.08444E+1
1.36719E-2	3.08877E+1
8.78906E-3	3.09278E+1
9.76562E-3	3.09693E+1
8.78906E-3	3.10087E+1
8.78906E-3	3.10508E+1
9.76562E-3	3.10913E+1
9.76562E-3	3.11354E+1
8.78906E-3	3.11754E+1
8.78906E-3	3.12155E+1
1.07422E-2	3.12565E+1
7.81250E-3	3.12974E+1
7.81250E-3	3.13404E+1
1.07422E-2	3.13828E+1
7.81250E-3	3.14249E+1
3.90625E-3	3.14633E+1
6.83594E-3	3.15023E+1
6.83594E-3	3.15424E+1
4.88281E-3	3.15810E+1
6.83594E-3	3.16224E+1
7.81250E-3	3.16616E+1
6.83594E-3	3.17020E+1
7.81250E-3	3.17416E+1
7.81250E-3	3.17847E+1
6.83594E-3	3.18257E+1
5.85937E-3	3.18685E+1
5.85937E-3	3.19096E+1
3.90625E-3	3.19474E+1
7.81250E-3	3.19885E+1
6.83594E-3	3.20265E+1
4.88281E-3	3.20685E+1
6.83594E-3	3.21065E+1
2.92969E-3	3.21465E+1
3.90625E-3	3.21848E+1
6.83594E-3	3.22253E+1
3.90625E-3	3.22679E+1
6.83594E-3	3.23087E+1
2.92969E-3	3.23488E+1
3.90625E-3	3.23851E+1
1.95312E-3	3.24256E+1
4.88281E-3	3.24672E+1
5.85937E-3	3.25102E+1
3.90625E-3	3.25500E+1
1.95312E-3	3.25900E+1
1.95312E-3	3.26300E+1
6.83594E-3	3.26700E+1
4.88281E-3	3.27100E+1
1.95312E-3	3.27493E+1
5.85937E-3	3.27908E+1
1.95312E-3	3.28317E+1
9.76562E-4	3.28724E+1
1.95312E-3	3.29103E+1
2.92969E-3	3.29507E+1
4.88281E-3	3.29922E+1
3.90625E-3	3.30333E+1
9.76562E-4	3.30743E+1
2.92969E-3	3.31131E+1
3.90625E-3	3.31525E+1
4.88281E-3	3.31930E+1
2.92969E-3	3.32326E+1
3.90625E-3	3.32760E+1
2.92969E-3	3.33167E+1
2.92969E-3	3.33567E+1
2.92969E-3	3.33993E+1
3.90625E-3	3.34419E+1
9.76562E-4	3.34829E+1
1.95312E-3	3.35229E+1
2.92969E-3	3.35615E+1
5.85937E-3	3.36034E+1
1.95312E-3	3.36445E+1
1.95312E-3	3.36825E+1
4.88281E-3	3.37255E+1
4.88281E-3	3.37685E+1
3.90625E-3	3.38104E+1
9.76562E-4	3.38510E+1
4.88281E-3	3.38917E+1
2.92969E-3	3.39319E+1
3.90625E-3	3.39728E+1
9.76562E-4	3.40129E+1
4.88281E-3	3.40519E+1
4.88281E-3	3.40919E+1
9.76562E-4	3.41334E+1
1.95312E-3	3.41744E+1
9.76562E-4	3.42150E+1
3.90625E-3	3.42569E+1
3.90625E-3	3.42965E+1
3.90625E-3	3.43405E+1
3.90625E-3	3.43838E+1
3.90625E-3	3.44249E+1
2.92969E-3	3.44645E+1
4.88281E-3	3.45055E+1
2.92969E-3	3.45481E+1
3.90625E-3	3.45881E+1
1.95312E-3	3.46325E+1
5.85937E-3	3.46745E+1
3.90625E-3	3.47145E+1
6.83594E-3	3.47573E+1
3.90625E-3	3.48000E+1
5.85937E-3	3.48411E+1
3.90625E-3	3.48811E+1
7.81250E-3	3.49211E+1
6.83594E-3	3.49619E+1
7.81250E-3	3.50015E+1
8.78906E-3	3.50425E+1
3.90625E-3	3.50834E+1
6.83594E-3	3.51228E+1
3.90625E-3	3.51648E+1
8.78906E-3	3.52033E+1
7.81250E-3	3.52434E+1
6.83594E-3	3.52824E+1
7.81250E-3	3.53243E+1
5.85937E-3	3.53656E+1
9.76562E-3	3.54044E+1
9.76562E-3	3.54448E+1
1.07422E-2	3.54866E+1
1.46484E-2	3.55255E+1
8.78906E-3	3.55645E+1
1.17187E-2	3.56045E+1
1.17187E-2	3.56435E+1
7.81250E-3	3.56845E+1
1.26953E-2	3.57218E+1
1.07422E-2	3.57611E+1
9.76562E-3	3.58021E+1
1.26953E-2	3.58430E+1
1.36719E-2	3.58868E+1
1.26953E-2	3.59282E+1
1.36719E-2	3.59680E+1
1.46484E-2	3.60098E+1
9.76562E-3	3.60498E+1
1.46484E-2	3.60885E+1
1.46484E-2	3.61285E+1
1.75781E-2	3.61679E+1
1.36719E-2	3.62100E+1
1.56250E-2	3.62540E+1
1.46484E-2	3.62947E+1
1.46484E-2	3.63352E+1
1.66016E-2	3.63782E+1
1.75781E-2	3.64200E+1
1.46484E-2	3.64620E+1
2.05078E-2	3.65044E+1
1.95312E-2	3.65436E+1
1.46484E-2	3.65856E+1
1.75781E-2	3.66240E+1
1.17187E-2	3.66660E+1
1.75781E-2	3.67056E+1
1.56250E-2	3.67464E+1
1.75781E-2	3.67879E+1
1.66016E-2	3.68272E+1
1.56250E-2	3.68695E+1
2.05078E-2	3.69105E+1
1.46484E-2	3.69503E+1
1.85547E-2	3.69880E+1
1.85547E-2	3.70288E+1
1.85547E-2	3.70724E+1
1.75781E-2	3.71147E+1
1.75781E-2	3.71539E+1
1.56250E-2	3.71948E+1
1.66016E-2	3.72356E+1
1.95312E-2	3.72756E+1
1.95312E-2	3.73156E+1
1.75781E-2	3.73566E+1
1.56250E-2	3.73979E+1
1.36719E-2	3.74342E+1
2.14844E-2	3.74738E+1
1.36719E-2	3.75143E+1
1.75781E-2	3.75554E+1
1.66016E-2	3.75987E+1
2.14844E-2	3.76416E+1
1.56250E-2	3.76826E+1
2.05078E-2	3.77226E+1
1.46484E-2	3.77640E+1
1.95312E-2	3.78060E+1
1.66016E-2	3.78449E+1
1.66016E-2	3.78859E+1
1.36719E-2	3.79259E+1
1.36719E-2	3.79680E+1
1.66016E-2	3.80103E+1
1.46484E-2	3.80545E+1
1.75781E-2	3.80942E+1
1.46484E-2	3.81357E+1
1.56250E-2	3.81773E+1
1.17187E-2	3.82183E+1
1.75781E-2	3.82597E+1
1.56250E-2	3.82997E+1
1.56250E-2	3.83443E+1
1.17187E-2	3.83843E+1
1.66016E-2	3.84223E+1
1.36719E-2	3.84630E+1
1.26953E-2	3.85059E+1
1.17187E-2	3.85459E+1
1.36719E-2	3.85869E+1
1.36719E-2	3.86289E+1
1.17187E-2	3.86719E+1
1.26953E-2	3.87115E+1
1.07422E-2	3.87541E+1
1.56250E-2	3.87949E+1
8.78906E-3	3.88357E+1
1.36719E-2	3.88759E+1
1.17187E-2	3.89180E+1
1.36719E-2	3.89598E+1
9.76562E-3	3.90008E+1
1.17187E-2	3.90428E+1
7.81250E-3	3.90828E+1
1.07422E-2	3.91241E+1
1.07422E-2	3.91625E+1
9.76562E-3	3.92055E+1
8.78906E-3	3.92450E+1
9.76562E-3	3.92880E+1
8.78906E-3	3.93293E+1
9.76562E-3	3.93746E+1
8.78906E-3	3.94133E+1
9.76562E-3	3.94555E+1
8.78906E-3	3.94967E+1
8.78906E-3	3.95397E+1
8.78906E-3	3.95817E+1
9.76562E-3	3.96234E+1
9.76562E-3	3.96624E+1
5.85937E-3	3.97024E+1
6.83594E-3	3.97439E+1
7.81250E-3	3.97809E+1
5.85937E-3	3.98211E+1
5.85937E-3	3.98639E+1
6.83594E-3	3.99054E+1
4.88281E-3	3.99481E+1
7.81250E-3	3.99891E+1
7.81250E-3	4.00299E+1
3.90625E-3	4.00724E+1
4.88281E-3	4.01124E+1
4.88281E-3	4.01500E+1
5.85937E-3	4.01916E+1
3.90625E-3	4.02322E+1
5.85937E-3	4.02750E+1
3.90625E-3	4.03149E+1
4.88281E-3	4.03563E+1
3.90625E-3	4.03971E+1
3.90625E-3	4.04390E+1
4.88281E-3	4.04807E+1
1.95312E-3	4.05206E+1
2.92969E-3	4.05596E+1
2.92969E-3	4.06018E+1
1.95312E-3	4.06419E+1
9.76562E-4	4.06839E+1
2.92969E-3	4.07229E+1
1.95312E-3	4.07638E+1
2.92969E-3	4.08058E+1
4.88281E-3	4.08474E+1
2.92969E-3	4.08884E+1
1.95312E-3	4.09311E+1
1.95312E-3	4.09752E+1
9.76562E-4	4.10168E+1
3.90625E-3	4.10572E+1
9.76562E-4	4.10982E+1
2.92969E-3	4.11402E+1
0.00000E+0	4.11822E+1
1.95312E-3	4.12262E+1
0.00000E+0	4.12652E+1
1.95312E-3	4.13060E+1
9.76562E-4	4.13469E+1
0.00000E+0	4.13911E+1
0.00000E+0	4.14351E+1
1.95312E-3	4.14783E+1
9.76562E-4	4.15181E+1
1.95312E-3	4.15585E+1
1.95312E-3	4.16001E+1
9.76562E-4	4.16376E+1
1.95312E-3	4.16765E+1
9.76562E-4	4.17164E+1
1.95312E-3	4.17586E+1
0.00000E+0	4.17997E+1
1.95312E-3	4.18432E+1
2.92969E-3	4.18802E+1
0.00000E+0	4.19212E+1
9.76562E-4	4.19620E+1
1.95312E-3	4.20036E+1
3.90625E-3	4.20423E+1
9.76562E-4	4.20812E+1
0.00000E+0	4.21185E+1
9.76562E-4	4.21551E+1
1.95312E-3	4.21921E+1
9.76562E-4	4.22292E+1
9.76562E-4	4.22706E+1
1.95312E-3	4.23115E+1
0.00000E+0	4.23545E+1
0.00000E+0	4.23943E+1
9.76562E-4	4.24344E+1
1.95312E-3	4.24768E+1
1.95312E-3	4.25180E+1
9.76562E-4	4.25600E+1
1.95312E-3	4.26023E+1
1.95312E-3	4.26453E+1
9.76562E-4	4.26873E+1
9.76562E-4	4.27294E+1
0.00000E+0	4.27700E+1
9.76562E-4	4.28131E+1
1.95312E-3	4.28529E+1
0.00000E+0	4.28939E+1
9.76562E-4	4.29339E+1
0.00000E+0	4.29729E+1
9.76562E-4	4.30109E+1
2.92969E-3	4.30501E+1
2.92969E-3	4.30920E+1
1.95312E-3	4.31310E+1
1.95312E-3	4.31747E+1
2.92969E-3	4.32167E+1
0.00000E+0	4.32557E+1
1.95312E-3	4.32955E+1
1.95312E-3	4.33375E+1
1.95312E-3	4.33790E+1
9.76562E-4	4.34196E+1
3.90625E-3	4.34569E+1
3.90625E-3	4.34979E+1
2.92969E-3	4.35359E+1
3.90625E-3	4.35768E+1
2.92969E-3	4.36159E+1
9.76562E-4	4.36559E+1
1.95312E-3	4.36942E+1
2.92969E-3	4.37366E+1
1.95312E-3	4.37771E+1
2.92969E-3	4.38201E+1
1.95312E-3	4.38612E+1
9.76562E-4	4.39009E+1
2.92969E-3	4.39409E+1
3.90625E-3	4.39811E+1
9.76562E-4	4.40203E+1
0.00000E+0	4.40620E+1
1.95312E-3	4.41025E+1
9.76562E-4	4.41445E+1
1.95312E-3	4.41872E+1
1.95312E-3	4.42282E+1
1.95312E-3	4.42691E+1
3.90625E-3	4.43101E+1
1.95312E-3	4.43511E+1
3.90625E-3	4.43949E+1
1.95312E-3	4.44350E+1
2.92969E-3	4.44766E+1
4.88281E-3	4.45143E+1
1.95312E-3	4.45534E+1
1.95312E-3	4.45941E+1
1.95312E-3	4.46361E+1
1.95312E-3	4.46791E+1
2.92969E-3	4.47178E+1
3.90625E-3	4.47596E+1
1.95312E-3	4.48010E+1
3.90625E-3	4.48415E+1
3.90625E-3	4.48827E+1
2.92969E-3	4.49217E+1
3.90625E-3	4.49639E+1
2.92969E-3	4.50039E+1
3.90625E-3	4.50470E+1
1.95312E-3	4.50880E+1
3.90625E-3	4.51272E+1
4.88281E-3	4.51680E+1
1.95312E-3	4.52050E+1
2.92969E-3	4.52440E+1
2.92969E-3	4.52880E+1
5.85937E-3	4.53271E+1
1.95312E-3	4.53671E+1
3.90625E-3	4.54111E+1
1.95312E-3	4.54507E+1
4.88281E-3	4.54917E+1
3.90625E-3	4.55319E+1
4.88281E-3	4.55749E+1
5.85937E-3	4.56159E+1
4.88281E-3	4.56562E+1
5.85937E-3	4.56990E+1
3.90625E-3	4.57406E+1
4.88281E-3	4.57816E+1
3.90625E-3	4.58226E+1
4.88281E-3	4.58630E+1
3.90625E-3	4.59067E+1
4.88281E-3	4.59487E+1
1.95312E-3	4.59888E+1
9.76562E-4	4.60288E+1
9.76562E-4	4.60694E+1
2.92969E-3	4.61064E+1
3.90625E-3	4.61478E+1
3.90625E-3	4.61878E+1
1.95312E-3	4.62308E+1
1.95312E-3	4.62727E+1
2.92969E-3	4.63132E+1
2.92969E-3	4.63541E+1
3.90625E-3	4.63970E+1
2.92969E-3	4.64392E+1
3.90625E-3	4.64813E+1
2.92969E-3	4.65207E+1
3.90625E-3	4.65607E+1
2.92969E-3	4.66011E+1
3.90625E-3	4.66432E+1
2.92969E-3	4.66832E+1
3.90625E-3	4.67277E+1
2.92969E-3	4.67697E+1
2.92969E-3	4.68125E+1
1.95312E-3	4.68537E+1
4.88281E-3	4.68970E+1
1.95312E-3	4.69391E+1
2.92969E-3	4.69792E+1
9.76562E-4	4.70214E+1
3.90625E-3	4.70602E+1
3.90625E-3	4.70995E+1
1.95312E-3	4.71400E+1
1.95312E-3	4.71805E+1
1.95312E-3	4.72205E+1
2.92969E-3	4.72617E+1
2.92969E-3	4.73042E+1
1.95312E-3	4.73462E+1
2.92969E-3	4.73838E+1
2.92969E-3	4.74246E+1
3.90625E-3	4.74629E+1
1.95312E-3	4.75023E+1
3.90625E-3	4.75424E+1
3.90625E-3	4.75814E+1
1.95312E-3	4.76204E+1
4.88281E-3	4.76598E+1
1.95312E-3	4.77005E+1
4.88281E-3	4.77407E+1
2.92969E-3	4.77829E+1
3.90625E-3	4.78247E+1
3.90625E-3	4.78645E+1
4.88281E-3	4.79067E+1
2.92969E-3	4.79503E+1
2.92969E-3	4.79923E+1
2.92969E-3	4.80329E+1
1.95312E-3	4.80779E+1
2.92969E-3	4.81204E+1
2.92969E-3	4.81605E+1
2.92969E-3	4.82029E+1
4.88281E-3	4.82433E+1
5.85937E-3	4.82827E+1
1.95312E-3	4.83220E+1
0.00000E+0	4.83626E+1
2.92969E-3	4.84026E+1
3.90625E-3	4.84436E+1
1.95312E-3	4.84843E+1
4.88281E-3	4.85254E+1
5.85937E-3	4.85658E+1
2.92969E-3	4.86073E+1
2.92969E-3	4.86523E+1
2.92969E-3	4.86952E+1
2.92969E-3	4.87333E+1
4.88281E-3	4.87756E+1
4.88281E-3	4.88158E+1
5.85937E-3	4.88572E+1
5.85937E-3	4.88987E+1
3.90625E-3	4.89406E+1
4.88281E-3	4.89801E+1
2.92969E-3	4.90197E+1
2.92969E-3	4.90616E+1
4.88281E-3	4.91046E+1
2.92969E-3	4.91446E+1
3.90625E-3	4.91846E+1
4.88281E-3	4.92235E+1
6.83594E-3	4.92667E+1
6.83594E-3	4.93067E+1
6.83594E-3	4.93486E+1
4.88281E-3	4.93922E+1
5.85937E-3	4.94341E+1
6.83594E-3	4.94735E+1
7.81250E-3	4.95165E+1
8.78906E-3	4.95575E+1
5.85937E-3	4.96008E+1
8.78906E-3	4.96414E+1
9.76562E-3	4.96825E+1
8.78906E-3	4.97214E+1
7.81250E-3	4.97625E+1
6.83594E-3	4.98046E+1
1.07422E-2	4.98436E+1
8.78906E-3	4.98852E+1
1.17187E-2	4.99261E+1
9.76562E-3	4.99667E+1
1.17187E-2	5.00075E+1
9.76562E-3	5.00503E+1
1.17187E-2	5.00913E+1
1.07422E-2	5.01322E+1
1.46484E-2	5.01754E+1
1.26953E-2	5.02164E+1
1.26953E-2	5.02571E+1
1.56250E-2	5.02971E+1
1.36719E-2	5.03371E+1
1.46484E-2	5.03799E+1
1.46484E-2	5.04219E+1
1.75781E-2	5.04649E+1
1.66016E-2	5.05048E+1
1.66016E-2	5.05458E+1
1.66016E-2	5.05859E+1
2.05078E-2	5.06277E+1
1.75781E-2	5.06687E+1
2.05078E-2	5.07094E+1
2.05078E-2	5.07514E+1
1.95312E-2	5.07957E+1
1.85547E-2	5.08365E+1
2.05078E-2	5.08776E+1
1.66016E-2	5.09197E+1
2.53906E-2	5.09590E+1
2.05078E-2	5.09995E+1
2.34375E-2	5.10414E+1
2.53906E-2	5.10816E+1
2.14844E-2	5.11221E+1
2.73437E-2	5.11607E+1
2.24609E-2	5.12027E+1
2.73437E-2	5.12416E+1
2.53906E-2	5.12811E+1
2.73437E-2	5.13244E+1
2.24609E-2	5.13663E+1
2.63672E-2	5.14074E+1
2.83203E-2	5.14459E+1
2.92969E-2	5.14889E+1
2.63672E-2	5.15317E+1
2.83203E-2	5.15722E+1
3.02734E-2	5.16165E+1
3.12500E-2	5.16584E+1
2.83203E-2	5.17009E+1
3.22266E-2	5.17411E+1
2.53906E-2	5.17831E+1
3.12500E-2	5.18235E+1
3.12500E-2	5.18650E+1
3.22266E-2	5.19066E+1
3.32031E-2	5.19471E+1
2.92969E-2	5.19846E+1
3.32031E-2	5.20263E+1
3.12500E-2	5.20683E+1
3.41797E-2	5.21093E+1
3.12500E-2	5.21524E+1
3.41797E-2	5.21924E+1
3.02734E-2	5.22334E+1
3.22266E-2	5.22736E+1
3.12500E-2	5.23156E+1
3.41797E-2	5.23572E+1
3.41797E-2	5.24003E+1
3.41797E-2	5.24423E+1
3.32031E-2	5.24818E+1
3.51562E-2	5.25256E+1
2.92969E-2	5.25666E+1
3.32031E-2	5.26076E+1
3.12500E-2	5.26516E+1
3.22266E-2	5.26909E+1
3.22266E-2	5.27329E+1
3.22266E-2	5.27731E+1
2.92969E-2	5.28151E+1
3.32031E-2	5.28556E+1
3.12500E-2	5.28976E+1
3.22266E-2	5.29376E+1
3.12500E-2	5.29811E+1
2.92969E-2	5.30209E+1
3.41797E-2	5.30629E+1
2.92969E-2	5.31039E+1
3.22266E-2	5.31433E+1
2.92969E-2	5.31803E+1
3.12500E-2	5.32223E+1
3.12500E-2	5.32657E+1
2.92969E-2	5.33061E+1
2.73437E-2	5.33473E+1
2.63672E-2	5.33873E+1
3.02734E-2	5.34282E+1
2.63672E-2	5.34691E+1
2.92969E-2	5.35091E+1
2.53906E-2	5.35503E+1
2.83203E-2	5.35906E+1
2.44141E-2	5.36331E+1
2.53906E-2	5.36751E+1
2.44141E-2	5.37169E+1
2.63672E-2	5.37576E+1
2.53906E-2	5.37976E+1
2.53906E-2	5.38391E+1
2.34375E-2	5.38791E+1
1.95312E-2	5.39197E+1
2.44141E-2	5.39607E+1
2.14844E-2	5.40006E+1
2.44141E-2	5.40430E+1
2.05078E-2	5.40840E+1
2.05078E-2	5.41240E+1
1.56250E-2	5.41671E+1
2.14844E-2	5.42071E+1
1.85547E-2	5.42471E+1
1.85547E-2	5.42905E+1
1.56250E-2	5.43297E+1
1.36719E-2	5.43711E+1
1.36719E-2	5.44131E+1
1.07422E-2	5.44541E+1
1.26953E-2	5.44948E+1
9.76562E-3	5.45355E+1
1.46484E-2	5.45755E+1
7.81250E-3	5.46171E+1
1.17187E-2	5.46591E+1
8.78906E-3	5.46991E+1
9.76562E-3	5.47401E+1
8.78906E-3	5.47801E+1
6.83594E-3	5.48210E+1
1.07422E-2	5.48589E+1
4.88281E-3	5.48983E+1
7.81250E-3	5.49383E+1
8.78906E-3	5.49762E+1
4.88281E-3	5.50173E+1
4.88281E-3	5.50574E+1
3.90625E-3	5.50980E+1
6.83594E-3	5.51377E+1
4.88281E-3	5.51770E+1
2.92969E-3	5.52167E+1
2.92969E-3	5.52583E+1
2.92969E-3	5.53003E+1
5.85937E-3	5.53399E+1
2.92969E-3	5.53789E+1
4.88281E-3	5.54203E+1
3.90625E-3	5.54594E+1
9.76562E-4	5.55015E+1
2.92969E-3	5.55410E+1
2.92969E-3	5.55810E+1
9.76562E-4	5.56226E+1
9.76562E-4	5.56647E+1
9.76562E-4	5.57036E+1
1.95312E-3	5.57436E+1
9.76562E-4	5.57831E+1
1.95312E-3	5.58215E+1
3.90625E-3	5.58633E+1
9.76562E-4	5.59011E+1
0.00000E+0	5.59421E+1
9.76562E-4	5.59811E+1
9.76562E-4	5.60243E+1
1.95312E-3	5.60670E+1
3.90625E-3	5.61066E+1
2.92969E-3	5.61442E+1
9.76562E-4	5.61862E+1
1.95312E-3	5.62266E+1
9.76562E-4	5.62676E+1
9.76562E-4	5.63131E+1
2.92969E-3	5.63529E+1
3.90625E-3	5.63959E+1
1.95312E-3	5.64350E+1
1.95312E-3	5.64749E+1
0.00000E+0	5.65148E+1
2.92969E-3	5.65529E+1
4.88281E-3	5.65934E+1
3.90625E-3	5.66350E+1
3.90625E-3	5.66770E+1
2.92969E-3	5.67149E+1
6.83594E-3	5.67531E+1
6.83594E-3	5.67935E+1
5.85937E-3	5.68345E+1
9.76562E-3	5.68763E+1
8.78906E-3	5.69191E+1
1.17187E-2	5.69601E+1
1.07422E-2	5.69998E+1
1.46484E-2	5.70434E+1
1.07422E-2	5.70834E+1
1.66016E-2	5.71241E+1
1.26953E-2	5.71651E+1
2.14844E-2	5.72055E+1
1.66016E-2	5.72485E+1
2.24609E-2	5.72899E+1
2.24609E-2	5.73326E+1
3.22266E-2	5.73732E+1
2.44141E-2	5.74134E+1
3.51562E-2	5.74544E+1
3.12500E-2	5.74946E+1
3.61328E-2	5.75360E+1
4.00391E-2	5.75740E+1
4.19922E-2	5.76150E+1
4.39453E-2	5.76555E+1
4.78516E-2	5.76945E+1
4.98047E-2	5.77359E+1
5.07812E-2	5.77759E+1
5.07812E-2	5.78180E+1
6.15234E-2	5.78568E+1
5.76172E-2	5.78970E+1
6.34766E-2	5.79391E+1
6.15234E-2	5.79793E+1
7.12891E-2	5.80211E+1
6.83594E-2	5.80625E+1
7.22656E-2	5.81014E+1
7.42187E-2	5.81424E+1
7.71484E-2	5.81844E+1
7.61719E-2	5.82273E+1
8.49609E-2	5.82696E+1
8.00781E-2	5.83106E+1
9.08203E-2	5.83515E+1
8.98437E-2	5.83926E+1
9.27734E-2	5.84314E+1
9.27734E-2	5.84717E+1
9.57031E-2	5.85134E+1
9.57031E-2	5.85564E+1
9.96094E-2	5.85994E+1
1.06445E-1	5.86374E+1
1.04492E-1	5.86779E+1
1.02539E-1	5.87181E+1
1.14258E-1	5.87581E+1
1.10352E-1	5.87975E+1
1.19141E-1	5.88383E+1
1.15234E-1	5.88776E+1
1.25000E-1	5.89186E+1
1.22070E-1	5.89586E+1
1.22070E-1	5.89989E+1
1.29883E-1	5.90390E+1
1.29883E-1	5.90810E+1
1.34766E-1	5.91190E+1
1.35742E-1	5.91611E+1
1.35742E-1	5.92019E+1
1.38672E-1	5.92450E+1
1.39648E-1	5.92850E+1
1.47461E-1	5.93232E+1
1.42578E-1	5.93632E+1
1.49414E-1	5.94042E+1
1.49414E-1	5.94446E+1
1.51367E-1	5.94865E+1
1.54297E-1	5.95234E+1
1.51367E-1	5.95608E+1
1.52344E-1	5.95979E+1
1.58203E-1	5.96361E+1
1.56250E-1	5.96785E+1
1.59180E-1	5.97179E+1
1.62109E-1	5.97580E+1
1.64062E-1	5.98009E+1
1.62109E-1	5.98406E+1
1.66992E-1	5.98843E+1
1.65039E-1	5.99253E+1
1.66016E-1	5.99673E+1
1.64062E-1	6.00101E+1
1.71875E-1	6.00534E+1
1.66992E-1	6.00960E+1
1.70898E-1	6.01335E+1
1.70898E-1	6.01735E+1
1.72852E-1	6.02142E+1
1.76758E-1	6.02542E+1
1.71875E-1	6.02960E+1
1.76758E-1	6.03373E+1
1.73828E-1	6.03763E+1
1.78711E-1	6.04162E+1
1.76758E-1	6.04574E+1
1.80664E-1	6.04988E+1
1.81641E-1	6.05403E+1
1.81641E-1	6.05814E+1
1.84570E-1	6.06224E+1
1.78711E-1	6.06614E+1
1.81641E-1	6.07027E+1
1.80664E-1	6.07448E+1
1.81641E-1	6.07865E+1
1.82617E-1	6.08286E+1
1.84570E-1	6.08711E+1
1.83594E-1	6.09118E+1
1.88477E-1	6.09517E+1
1.83594E-1	6.09936E+1
1.86523E-1	6.10375E+1
1.82617E-1	6.10784E+1
1.86523E-1	6.11174E+1
1.82617E-1	6.11615E+1
1.86523E-1	6.12024E+1
1.80664E-1	6.12450E+1
1.86523E-1	6.12843E+1
1.79687E-1	6.13273E+1
1.83594E-1	6.13682E+1
1.79687E-1	6.14093E+1
1.80664E-1	6.14476E+1
1.81641E-1	6.14898E+1
1.76758E-1	6.15305E+1
1.79687E-1	6.15675E+1
1.75781E-1	6.16095E+1
1.79687E-1	6.16525E+1
1.72852E-1	6.16959E+1
1.74805E-1	6.17359E+1
1.69922E-1	6.17783E+1
1.73828E-1	6.18177E+1
1.68945E-1	6.18564E+1
1.67969E-1	6.18973E+1
1.66016E-1	6.19383E+1
1.61133E-1	6.19791E+1
1.60156E-1	6.20225E+1
1.56250E-1	6.20636E+1
1.54297E-1	6.21052E+1
1.48437E-1	6.21442E+1
1.52344E-1	6.21862E+1
1.44531E-1	6.22294E+1
1.41602E-1	6.22706E+1
1.41602E-1	6.23116E+1
1.37695E-1	6.23497E+1
1.34766E-1	6.23928E+1
1.30859E-1	6.24346E+1
1.27930E-1	6.24756E+1
1.25977E-1	6.25169E+1
1.24023E-1	6.25589E+1
1.23047E-1	6.25999E+1
1.20117E-1	6.26429E+1
1.15234E-1	6.26828E+1
1.12305E-1	6.27232E+1
1.07422E-1	6.27608E+1
1.12305E-1	6.28025E+1
1.01562E-1	6.28435E+1
9.96094E-2	6.28875E+1
9.47266E-2	6.29250E+1
9.66797E-2	6.29690E+1
8.88672E-2	6.30098E+1
9.17969E-2	6.30530E+1
7.71484E-2	6.30919E+1
8.00781E-2	6.31320E+1
7.61719E-2	6.31750E+1
7.71484E-2	6.32155E+1
6.73828E-2	6.32545E+1
6.25000E-2	6.32961E+1
6.73828E-2	6.33333E+1
6.34766E-2	6.33712E+1
5.27344E-2	6.34129E+1
5.27344E-2	6.34539E+1
5.17578E-2	6.34959E+1
5.27344E-2	6.35375E+1
4.00391E-2	6.35789E+1
4.49219E-2	6.36199E+1
3.80859E-2	6.36597E+1
4.10156E-2	6.37018E+1
3.22266E-2	6.37438E+1
3.12500E-2	6.37867E+1
2.73437E-2	6.38283E+1
3.12500E-2	6.38682E+1
2.44141E-2	6.39111E+1
2.53906E-2	6.39537E+1
1.85547E-2	6.39932E+1
2.24609E-2	6.40347E+1
1.46484E-2	6.40736E+1
1.46484E-2	6.41124E+1
1.56250E-2	6.41503E+1
1.26953E-2	6.41923E+1
1.56250E-2	6.42336E+1
1.26953E-2	6.42745E+1
1.46484E-2	6.43166E+1
1.26953E-2	6.43567E+1
1.46484E-2	6.43989E+1
9.76562E-3	6.44394E+1
1.07422E-2	6.44804E+1
1.17187E-2	6.45212E+1
1.36719E-2	6.45642E+1
1.07422E-2	6.46062E+1
1.07422E-2	6.46460E+1
1.36719E-2	6.46849E+1
1.17187E-2	6.47265E+1
1.56250E-2	6.47665E+1
1.46484E-2	6.48077E+1
2.34375E-2	6.48487E+1
1.85547E-2	6.48879E+1
1.56250E-2	6.49286E+1
2.53906E-2	6.49686E+1
2.24609E-2	6.50096E+1
2.92969E-2	6.50499E+1
2.53906E-2	6.50923E+1
3.90625E-2	6.51307E+1
3.32031E-2	6.51710E+1
4.00391E-2	6.52139E+1
4.00391E-2	6.52509E+1
4.49219E-2	6.52926E+1
4.98047E-2	6.53306E+1
5.07812E-2	6.53736E+1
5.07812E-2	6.54145E+1
6.34766E-2	6.54521E+1
5.85937E-2	6.54941E+1
6.54297E-2	6.55327E+1
6.05469E-2	6.55747E+1
7.22656E-2	6.56157E+1
7.32422E-2	6.56566E+1
8.20312E-2	6.56987E+1
8.00781E-2	6.57394E+1
8.88672E-2	6.57794E+1
9.08203E-2	6.58183E+1
9.17969E-2	6.58581E+1
9.86328E-2	6.58987E+1
1.03516E-1	6.59384E+1
1.05469E-1	6.59776E+1
1.15234E-1	6.60182E+1
1.09375E-1	6.60569E+1
1.25000E-1	6.60953E+1
1.24023E-1	6.61349E+1
1.27930E-1	6.61719E+1
1.27930E-1	6.62092E+1
1.39648E-1	6.62502E+1
1.37695E-1	6.62934E+1
1.56250E-1	6.63334E+1
1.55273E-1	6.63744E+1
1.65039E-1	6.64140E+1
1.63086E-1	6.64526E+1
1.72852E-1	6.64916E+1
1.74805E-1	6.65312E+1
1.81641E-1	6.65712E+1
1.84570E-1	6.66142E+1
1.91406E-1	6.66562E+1
1.97266E-1	6.66962E+1
2.04102E-1	6.67365E+1
2.06055E-1	6.67787E+1
2.12891E-1	6.68200E+1
2.19727E-1	6.68615E+1
2.18750E-1	6.69034E+1
2.20703E-1	6.69442E+1
2.35352E-1	6.69826E+1
2.31445E-1	6.70236E+1
2.40234E-1	6.70649E+1
2.35352E-1	6.71069E+1
2.59766E-1	6.71482E+1
2.56836E-1	6.71892E+1
2.66602E-1	6.72322E+1
2.60742E-1	6.72696E+1
2.79297E-1	6.73113E+1
2.74414E-1	6.73508E+1
2.84180E-1	6.73925E+1
2.86133E-1	6.74339E+1
2.95898E-1	6.74769E+1
2.91016E-1	6.75190E+1
3.09570E-1	6.75594E+1
3.07617E-1	6.76004E+1
3.10547E-1	6.76434E+1
3.09570E-1	6.76856E+1
3.26172E-1	6.77294E+1
3.22266E-1	6.77699E+1
3.27148E-1	6.78099E+1
3.29102E-1	6.78499E+1
3.44727E-1	6.78924E+1
3.44727E-1	6.79334E+1
3.40820E-1	6.79720E+1
3.46680E-1	6.80125E+1
3.51562E-1	6.80533E+1
3.51562E-1	6.80912E+1
3.58398E-1	6.81313E+1
3.56445E-1	6.81711E+1
3.67187E-1	6.82125E+1
3.68164E-1	6.82520E+1
3.75000E-1	6.82930E+1
3.73047E-1	6.83363E+1
3.93555E-1	6.83783E+1
3.87695E-1	6.84193E+1
3.87695E-1	6.84603E+1
3.89648E-1	6.85023E+1
4.03320E-1	6.85435E+1
4.01367E-1	6.85862E+1
4.04297E-1	6.86282E+1
4.02344E-1	6.86731E+1
4.11133E-1	6.87161E+1
4.10156E-1	6.87571E+1
4.15039E-1	6.87991E+1
4.13086E-1	6.88413E+1
4.18945E-1	6.88826E+1
4.20898E-1	6.89236E+1
4.22852E-1	6.89644E+1
4.18945E-1	6.90052E+1
4.27734E-1	6.90470E+1
4.23828E-1	6.90860E+1
4.25781E-1	6.91254E+1
4.25781E-1	6.91647E+1
4.25781E-1	6.92077E+1
4.26758E-1	6.92457E+1
4.25781E-1	6.92889E+1
4.27734E-1	6.93278E+1
4.22852E-1	6.93704E+1
4.25781E-1	6.94083E+1
4.24805E-1	6.94478E+1
4.23828E-1	6.94874E+1
4.26758E-1	6.95281E+1
4.20898E-1	6.95665E+1
4.16992E-1	6.96075E+1
4.16016E-1	6.96485E+1
4.16016E-1	6.96900E+1
4.18945E-1	6.97301E+1
4.10156E-1	6.97725E+1
4.09180E-1	6.98145E+1
4.06250E-1	6.98567E+1
4.07227E-1	6.98968E+1
4.01367E-1	6.99388E+1
3.97461E-1	6.99834E+1
3.96484E-1	7.00243E+1
3.95508E-1	7.00683E+1
3.89648E-1	7.01110E+1
3.84766E-1	7.01550E+1
3.81836E-1	7.01960E+1
3.83789E-1	7.02397E+1
3.69141E-1	7.02827E+1
3.72070E-1	7.03247E+1
3.65234E-1	7.03665E+1
3.68164E-1	7.04059E+1
3.50586E-1	7.04489E+1
3.56445E-1	7.04897E+1
3.45703E-1	7.05307E+1
3.45703E-1	7.05717E+1
3.35937E-1	7.06134E+1
3.31055E-1	7.06544E+1
3.23242E-1	7.06933E+1
3.22266E-1	7.07352E+1
3.11523E-1	7.07751E+1
3.07617E-1	7.08176E+1
3.02734E-1	7.08565E+1
2.97852E-1	7.08986E+1
2.83203E-1	7.09396E+1
2.83203E-1	7.09806E+1
2.75391E-1	7.10210E+1
2.76367E-1	7.10613E+1
2.52930E-1	7.10993E+1
2.53906E-1	7.11373E+1
2.48047E-1	7.11776E+1
2.43164E-1	7.12160E+1
2.30469E-1	7.12568E+1
2.28516E-1	7.12982E+1
2.13867E-1	7.13392E+1
2.10937E-1	7.13797E+1
1.98242E-1	7.14228E+1
1.97266E-1	7.14658E+1
1.83594E-1	7.15095E+1
1.81641E-1	7.15495E+1
1.67969E-1	7.15913E+1
1.68945E-1	7.16343E+1
1.53320E-1	7.16743E+1
1.49414E-1	7.17170E+1
1.45508E-1	7.17571E+1
1.40625E-1	7.17977E+1
1.30859E-1	7.18375E+1
1.31836E-1	7.18809E+1
1.21094E-1	7.19209E+1
1.22070E-1	7.19619E+1
1.14258E-1	7.20005E+1
1.17187E-1	7.20434E+1
9.66797E-2	7.20831E+1
1.03516E-1	7.21251E+1
9.17969E-2	7.21646E+1
9.76562E-2	7.22061E+1
8.10547E-2	7.22491E+1
8.30078E-2	7.22911E+1
7.61719E-2	7.23361E+1
7.91016E-2	7.23770E+1
6.44531E-2	7.24190E+1
7.12891E-2	7.24588E+1
6.64062E-2	7.25000E+1
6.64062E-2	7.25434E+1
5.56641E-2	7.25834E+1
5.85937E-2	7.26239E+1
5.17578E-2	7.26659E+1
5.85937E-2	7.27062E+1
4.88281E-2	7.27483E+1
5.37109E-2	7.27883E+1
5.07812E-2	7.28263E+1
4.49219E-2	7.28676E+1
5.17578E-2	7.29071E+1
4.58984E-2	7.29477E+1
5.07812E-2	7.29899E+1
4.98047E-2	7.30288E+1
4.78516E-2	7.30699E+1
4.68750E-2	7.31139E+1
5.27344E-2	7.31543E+1
5.27344E-2	7.31943E+1
5.17578E-2	7.32350E+1
5.37109E-2	7.32747E+1
5.56641E-2	7.33147E+1
6.15234E-2	7.33547E+1
6.25000E-2	7.33966E+1
6.25000E-2	7.34367E+1
7.22656E-2	7.34776E+1
6.83594E-2	7.35176E+1
7.71484E-2	7.35577E+1
7.42187E-2	7.35994E+1
8.30078E-2	7.36379E+1
8.59375E-2	7.36770E+1
8.98437E-2	7.37149E+1
9.27734E-2	7.37547E+1
9.96094E-2	7.37977E+1
1.02539E-1	7.38374E+1
1.09375E-1	7.38787E+1
1.09375E-1	7.39186E+1
1.15234E-1	7.39626E+1
1.18164E-1	7.40046E+1
1.26953E-1	7.40456E+1
1.30859E-1	7.40866E+1
1.41602E-1	7.41276E+1
1.40625E-1	7.41684E+1
1.57227E-1	7.42094E+1
1.50391E-1	7.42478E+1
1.67969E-1	7.42892E+1
1.62109E-1	7.43324E+1
1.80664E-1	7.43742E+1
1.80664E-1	7.44153E+1
2.01172E-1	7.44583E+1
1.94336E-1	7.44993E+1
2.11914E-1	7.45383E+1
2.08008E-1	7.45772E+1
2.21680E-1	7.46160E+1
2.24609E-1	7.46571E+1
2.32422E-1	7.46969E+1
2.35352E-1	7.47379E+1
2.50000E-1	7.47779E+1
2.49023E-1	7.48176E+1
2.64648E-1	7.48580E+1
2.63672E-1	7.49023E+1
2.71484E-1	7.49421E+1
2.75391E-1	7.49851E+1
2.93945E-1	7.50272E+1
2.91016E-1	7.50682E+1
3.00781E-1	7.51084E+1
2.97852E-1	7.51482E+1
3.22266E-1	7.51892E+1
3.17383E-1	7.52298E+1
3.26172E-1	7.52705E+1
3.24219E-1	7.53095E+1
3.32031E-1	7.53498E+1
3.33008E-1	7.53915E+1
3.52539E-1	7.54336E+1
3.55469E-1	7.54756E+1
3.62305E-1	7.55176E+1
3.60352E-1	7.55584E+1
3.89648E-1	7.56014E+1
3.94531E-1	7.56404E+1
3.91602E-1	7.56784E+1
3.99414E-1	7.57194E+1
4.28711E-1	7.57606E+1
4.29687E-1	7.58026E+1
4.33594E-1	7.58451E+1
4.36523E-1	7.58881E+1
4.58008E-1	7.59279E+1
4.58984E-1	7.59708E+1
4.67773E-1	7.60128E+1
4.72656E-1	7.60530E+1
4.85352E-1	7.60918E+1
4.84375E-1	7.61325E+1
5.11719E-1	7.61735E+1
5.10742E-1	7.62138E+1
5.16602E-1	7.62555E+1
5.14648E-1	7.62969E+1
5.41992E-1	7.63365E+1
5.40039E-1	7.63780E+1
5.44922E-1	7.64202E+1
5.43945E-1	7.64604E+1
5.64453E-1	7.65033E+1
5.63477E-1	7.65443E+1
5.69336E-1	7.65853E+1
5.69336E-1	7.66243E+1
5.82031E-1	7.66653E+1
5.84961E-1	7.67062E+1
5.93750E-1	7.67442E+1
5.94727E-1	7.67870E+1
5.97656E-1	7.68296E+1
6.03516E-1	7.68694E+1
6.07422E-1	7.69104E+1
6.14258E-1	7.69544E+1
6.18164E-1	7.69944E+1
6.22070E-1	7.70350E+1
6.22070E-1	7.70749E+1
6.25000E-1	7.71179E+1
6.31836E-1	7.71583E+1
6.30859E-1	7.71993E+1
6.30859E-1	7.72395E+1
6.31836E-1	7.72807E+1
6.38672E-1	7.73211E+1
6.34766E-1	7.73625E+1
6.39648E-1	7.74033E+1
6.37695E-1	7.74425E+1
6.41602E-1	7.74834E+1
6.38672E-1	7.75247E+1
6.38672E-1	7.75658E+1
6.39648E-1	7.76069E+1
6.32812E-1	7.76468E+1
6.38672E-1	7.76875E+1
6.30859E-1	7.77305E+1
6.33789E-1	7.77713E+1
6.24023E-1	7.78093E+1
6.27930E-1	7.78523E+1
6.20117E-1	7.78928E+1
6.23047E-1	7.79347E+1
6.04492E-1	7.79761E+1
6.05469E-1	7.80168E+1
6.03516E-1	7.80578E+1
5.99609E-1	7.80973E+1
5.87891E-1	7.81345E+1
5.88867E-1	7.81765E+1
5.82031E-1	7.82178E+1
5.80078E-1	7.82568E+1
5.71289E-1	7.82973E+1
5.72266E-1	7.83394E+1
5.42969E-1	7.83813E+1
5.44922E-1	7.84214E+1
5.44922E-1	7.84653E+1
5.41992E-1	7.85074E+1
5.10742E-1	7.85465E+1
5.13672E-1	7.85876E+1
5.03906E-1	7.86257E+1
5.05859E-1	7.86687E+1
4.81445E-1	7.87107E+1
4.83398E-1	7.87527E+1
4.64844E-1	7.87936E+1
4.69727E-1	7.88359E+1
4.50195E-1	7.88764E+1
4.54102E-1	7.89165E+1
4.43359E-1	7.89567E+1
4.43359E-1	7.89998E+1
4.16992E-1	7.90398E+1
4.19922E-1	7.90796E+1
4.17969E-1	7.91219E+1
4.13086E-1	7.91637E+1
3.88672E-1	7.92017E+1
3.89648E-1	7.92443E+1
3.86719E-1	7.92844E+1
3.81836E-1	7.93245E+1
3.51562E-1	7.93681E+1
3.49609E-1	7.94079E+1
3.47656E-1	7.94496E+1
3.46680E-1	7.94926E+1
3.13477E-1	7.95326E+1
3.11523E-1	7.95732E+1
3.15430E-1	7.96142E+1
3.10547E-1	7.96572E+1
2.81250E-1	7.96978E+1
2.85156E-1	7.97394E+1
2.73437E-1	7.97760E+1
2.80273E-1	7.98153E+1
2.53906E-1	7.98573E+1
2.58789E-1	7.98990E+1
2.38281E-1	7.99406E+1
2.39258E-1	7.99807E+1
2.31445E-1	8.00195E+1
2.25586E-1	8.00578E+1
2.08008E-1	8.00972E+1
2.08984E-1	8.01402E+1
2.04102E-1	8.01810E+1
2.03125E-1	8.02213E+1
1.82617E-1	8.02635E+1
1.86523E-1	8.03046E+1
1.73828E-1	8.03452E+1
1.76758E-1	8.03862E+1
1.57227E-1	8.04276E+1
1.63086E-1	8.04674E+1
1.49414E-1	8.05069E+1
1.53320E-1	8.05489E+1
1.35742E-1	8.05895E+1
1.37695E-1	8.06345E+1
1.27930E-1	8.06733E+1
1.31836E-1	8.07153E+1
1.17187E-1	8.07553E+1
1.12305E-1	8.07933E+1
1.16211E-1	8.08316E+1
1.11328E-1	8.08743E+1
1.05469E-1	8.09172E+1
1.03516E-1	8.09586E+1
9.86328E-2	8.10011E+1
9.57031E-2	8.10401E+1
9.76562E-2	8.10824E+1
9.57031E-2	8.11252E+1
9.47266E-2	8.11682E+1
8.98437E-2	8.12102E+1
9.37500E-2	8.12511E+1
8.88672E-2	8.12895E+1
9.08203E-2	8.13315E+1
8.88672E-2	8.13718E+1
9.27734E-2	8.14129E+1
9.08203E-2	8.14540E+1
9.27734E-2	8.14940E+1
9.47266E-2	8.15350E+1
9.47266E-2	8.15767E+1
9.76562E-2	8.16167E+1
9.86328E-2	8.16597E+1
1.02539E-1	8.17007E+1
1.02539E-1	8.17447E+1
1.09375E-1	8.17845E+1
1.13281E-1	8.18208E+1
1.10352E-1	8.18592E+1
1.21094E-1	8.19019E+1
1.19141E-1	8.19403E+1
1.30859E-1	8.19803E+1
1.27930E-1	8.20198E+1
1.33789E-1	8.20598E+1
1.34766E-1	8.20988E+1
1.42578E-1	8.21408E+1
1.45508E-1	8.21798E+1
1.53320E-1	8.22196E+1
1.50391E-1	8.22598E+1
1.62109E-1	8.23002E+1
1.58203E-1	8.23412E+1
1.74805E-1	8.23831E+1
1.68945E-1	8.24227E+1
1.77734E-1	8.24617E+1
1.77734E-1	8.25021E+1
1.96289E-1	8.25437E+1
1.97266E-1	8.25849E+1
2.06055E-1	8.26269E+1
2.07031E-1	8.26691E+1
2.33398E-1	8.27091E+1
2.34375E-1	8.27481E+1
2.39258E-1	8.27898E+1
2.45117E-1	8.28339E+1
2.64648E-1	8.28740E+1
2.66602E-1	8.29152E+1
2.76367E-1	8.29557E+1
2.78320E-1	8.29947E+1
3.05664E-1	8.30367E+1
3.02734E-1	8.30770E+1
3.19336E-1	8.31166E+1
3.14453E-1	8.31567E+1
3.52539E-1	8.31960E+1
3.48633E-1	8.32378E+1
3.60352E-1	8.32770E+1
3.63281E-1	8.33176E+1
3.84766E-1	8.33587E+1
3.91602E-1	8.33986E+1
4.03320E-1	8.34391E+1
4.05273E-1	8.34811E+1
4.32617E-1	8.35221E+1
4.34570E-1	8.35651E+1
4.47266E-1	8.36051E+1
4.50195E-1	8.36471E+1
4.74609E-1	8.36861E+1
4.72656E-1	8.37270E+1
5.01953E-1	8.37680E+1
4.97070E-1	8.38065E+1
5.18555E-1	8.38446E+1
5.18555E-1	8.38849E+1
5.36133E-1	8.39249E+1
5.41016E-1	8.39647E+1
5.60547E-1	8.40027E+1
5.61523E-1	8.40437E+1
5.80078E-1	8.40847E+1
5.78125E-1	8.41277E+1
6.03516E-1	8.41697E+1
6.08398E-1	8.42111E+1
6.08398E-1	8.42540E+1
6.14258E-1	8.42981E+1
6.31836E-1	8.43369E+1
6.31836E-1	8.43795E+1
6.49414E-1	8.44195E+1
6.50391E-1	8.44588E+1
6.63086E-1	8.44994E+1
6.60156E-1	8.45398E+1
6.79687E-1	8.45818E+1
6.73828E-1	8.46199E+1
6.84570E-1	8.46619E+1
6.83594E-1	8.47029E+1
6.97266E-1	8.47408E+1
7.02148E-1	8.47809E+1
7.07031E-1	8.48232E+1
7.09961E-1	8.48649E+1
7.23633E-1	8.49049E+1
7.24609E-1	8.49453E+1
7.25586E-1	8.49841E+1
7.24609E-1	8.50251E+1
7.39258E-1	8.50672E+1
7.31445E-1	8.51078E+1
7.43164E-1	8.51460E+1
7.37305E-1	8.51872E+1
7.45117E-1	8.52292E+1
7.40234E-1	8.52701E+1
7.46094E-1	8.53116E+1
7.42187E-1	8.53534E+1
7.44141E-1	8.53924E+1
7.44141E-1	8.54343E+1
7.40234E-1	8.54723E+1
7.41211E-1	8.55141E+1
7.40234E-1	8.55551E+1
7.40234E-1	8.55961E+1
7.35352E-1	8.56390E+1
7.32422E-1	8.56801E+1
7.33398E-1	8.57211E+1
7.36328E-1	8.57600E+1
7.24609E-1	8.58013E+1
7.30469E-1	8.58423E+1
7.25586E-1	8.58857E+1
7.29492E-1	8.59271E+1
7.10937E-1	8.59694E+1
7.13867E-1	8.60099E+1
7.08008E-1	8.60494E+1
7.10937E-1	8.60928E+1
6.92383E-1	8.61338E+1
6.90430E-1	8.61732E+1
6.87500E-1	8.62142E+1
6.83594E-1	8.62572E+1
6.67969E-1	8.62964E+1
6.66992E-1	8.63367E+1
6.62109E-1	8.63818E+1
6.62109E-1	8.64258E+1
6.37695E-1	8.64677E+1
6.38672E-1	8.65088E+1
6.34766E-1	8.65490E+1
6.33789E-1	8.65900E+1
6.07422E-1	8.66327E+1
6.05469E-1	8.66708E+1
6.01562E-1	8.67097E+1
5.97656E-1	8.67487E+1
5.69336E-1	8.67922E+1
5.66406E-1	8.68335E+1
5.62500E-1	8.68751E+1
5.64453E-1	8.69144E+1
5.36133E-1	8.69544E+1
5.39062E-1	8.69932E+1
5.24414E-1	8.70327E+1
5.23437E-1	8.70734E+1
4.95117E-1	8.71134E+1
4.94141E-1	8.71534E+1
4.87305E-1	8.71957E+1
4.84375E-1	8.72347E+1
4.58984E-1	8.72744E+1
4.58008E-1	8.73175E+1
4.41406E-1	8.73565E+1
4.42383E-1	8.73999E+1
4.16992E-1	8.74392E+1
4.22852E-1	8.74806E+1
3.99414E-1	8.75211E+1
4.03320E-1	8.75620E+1
3.73047E-1	8.76036E+1
3.77930E-1	8.76445E+1
3.57422E-1	8.76845E+1
3.62305E-1	8.77275E+1
3.33984E-1	8.77701E+1
3.38867E-1	8.78103E+1
3.17383E-1	8.78503E+1
3.23242E-1	8.78913E+1
2.95898E-1	8.79343E+1
2.97852E-1	8.79767E+1
2.79297E-1	8.80167E+1
2.80273E-1	8.80557E+1
2.60742E-1	8.80947E+1
2.59766E-1	8.81361E+1
2.48047E-1	8.81776E+1
2.43164E-1	8.82188E+1
2.29492E-1	8.82580E+1
2.34375E-1	8.82987E+1
2.12891E-1	8.83397E+1
2.19727E-1	8.83787E+1
2.05078E-1	8.84184E+1
2.08984E-1	8.84599E+1
1.89453E-1	8.85019E+1
1.92383E-1	8.85415E+1
1.77734E-1	8.85840E+1
1.78711E-1	8.86238E+1
1.66992E-1	8.86631E+1
1.65039E-1	8.87073E+1
1.56250E-1	8.87462E+1
1.53320E-1	8.87853E+1
1.45508E-1	8.88267E+1
1.42578E-1	8.88655E+1
1.31836E-1	8.89046E+1
1.35742E-1	8.89447E+1
1.24023E-1	8.89842E+1
1.26953E-1	8.90214E+1
1.21094E-1	8.90636E+1
1.22070E-1	8.91028E+1
1.16211E-1	8.91428E+1
1.13281E-1	8.91825E+1
1.12305E-1	8.92265E+1
1.08398E-1	8.92685E+1
1.05469E-1	8.93121E+1
1.02539E-1	8.93541E+1
1.06445E-1	8.93949E+1
1.01562E-1	8.94340E+1
9.96094E-2	8.94740E+1
1.02539E-1	8.95118E+1
9.66797E-2	8.95530E+1
1.00586E-1	8.95920E+1
9.57031E-2	8.96320E+1
9.76562E-2	8.96700E+1
9.57031E-2	8.97110E+1
9.08203E-2	8.97520E+1
9.37500E-2	8.97920E+1
9.17969E-2	8.98351E+1
9.47266E-2	8.98762E+1
9.27734E-2	8.99180E+1
9.86328E-2	8.99587E+1
9.66797E-2	9.00004E+1
1.00586E-1	9.00399E+1
1.03516E-1	9.00779E+1
1.03516E-1	9.01198E+1
1.05469E-1	9.01618E+1
1.08398E-1	9.02038E+1
1.10352E-1	9.02419E+1
1.15234E-1	9.02825E+1
1.21094E-1	9.03235E+1
1.28906E-1	9.03635E+1
1.24023E-1	9.04033E+1
1.34766E-1	9.04442E+1
1.26953E-1	9.04832E+1
1.46484E-1	9.05228E+1
1.46484E-1	9.05628E+1
1.57227E-1	9.06031E+1
1.57227E-1	9.06431E+1
1.70898E-1	9.06821E+1
1.72852E-1	9.07230E+1
1.83594E-1	9.07641E+1
1.85547E-1	9.08060E+1
2.00195E-1	9.08471E+1
2.03125E-1	9.08877E+1
2.27539E-1	9.09263E+1
2.20703E-1	9.09672E+1
2.42187E-1	9.10075E+1
2.36328E-1	9.10477E+1
2.61719E-1	9.10896E+1
2.58789E-1	9.11316E+1
2.74414E-1	9.11705E+1
2.74414E-1	9.12105E+1
2.97852E-1	9.12525E+1
3.00781E-1	9.12933E+1
3.18359E-1	9.13377E+1
3.16406E-1	9.13802E+1
3.35937E-1	9.14184E+1
3.42773E-1	9.14587E+1
3.58398E-1	9.15016E+1
3.58398E-1	9.15446E+1
3.75977E-1	9.15859E+1
3.76953E-1	9.16290E+1
3.98437E-1	9.16691E+1
4.02344E-1	9.17105E+1
4.15039E-1	9.17505E+1
4.18945E-1	9.17936E+1
4.38477E-1	9.18338E+1
4.38477E-1	9.18738E+1
4.47266E-1	9.19142E+1
4.51172E-1	9.19543E+1
4.75586E-1	9.19959E+1
4.73633E-1	9.20353E+1
4.84375E-1	9.20772E+1
4.86328E-1	9.21194E+1
5.13672E-1	9.21613E+1
5.13672E-1	9.22013E+1
5.23437E-1	9.22423E+1
5.23437E-1	9.22833E+1
5.49805E-1	9.23233E+1
5.53711E-1	9.23613E+1
5.54687E-1	9.24002E+1
5.60547E-1	9.24398E+1
5.76172E-1	9.24797E+1
5.79102E-1	9.25225E+1
5.84961E-1	9.25635E+1
5.84961E-1	9.26014E+1
5.97656E-1	9.26431E+1
5.94727E-1	9.26851E+1
6.12305E-1	9.27262E+1
6.07422E-1	9.27672E+1
6.14258E-1	9.28064E+1
6.09375E-1	9.28476E+1
6.25977E-1	9.28896E+1
6.24023E-1	9.29306E+1
6.26953E-1	9.29702E+1
6.29883E-1	9.30113E+1
6.31836E-1	9.30503E+1
6.33789E-1	9.30899E+1
6.38672E-1	9.31338E+1
6.42578E-1	9.31748E+1
6.38672E-1	9.32158E+1
6.40625E-1	9.32564E+1
6.40625E-1	9.32981E+1
6.44531E-1	9.33380E+1
6.46484E-1	9.33783E+1
6.43555E-1	9.34167E+1
6.43555E-1	9.34581E+1
6.42578E-1	9.35001E+1
6.43555E-1	9.35400E+1
6.40625E-1	9.35800E+1
6.42578E-1	9.36225E+1
6.38672E-1	9.36634E+1
6.36719E-1	9.37065E+1
6.33789E-1	9.37489E+1
6.32812E-1	9.37898E+1
6.29883E-1	9.38336E+1
6.23047E-1	9.38746E+1
6.20117E-1	9.39136E+1
6.21094E-1	9.39569E+1
6.17187E-1	9.39959E+1
6.08398E-1	9.40365E+1
6.06445E-1	9.40795E+1
5.96680E-1	9.41192E+1
6.00586E-1	9.41596E+1
5.85937E-1	9.41976E+1
5.90820E-1	9.42376E+1
5.75195E-1	9.42774E+1
5.76172E-1	9.43184E+1
5.71289E-1	9.43594E+1
5.68359E-1	9.43993E+1
5.59570E-1	9.44410E+1
5.55664E-1	9.44830E+1
5.51758E-1	9.45225E+1
5.45898E-1	9.45646E+1
5.40039E-1	9.46051E+1
5.39062E-1	9.46471E+1
5.30273E-1	9.46881E+1
5.31250E-1	9.47291E+1
5.17578E-1	9.47681E+1
5.23437E-1	9.48091E+1
5.04883E-1	9.48471E+1
5.09766E-1	9.48887E+1
4.91211E-1	9.49307E+1
4.96094E-1	9.49717E+1
4.76562E-1	9.50131E+1
4.81445E-1	9.50549E+1
4.62891E-1	9.50973E+1
4.66797E-1	9.51387E+1
4.47266E-1	9.51789E+1
4.51172E-1	9.52199E+1
4.33594E-1	9.52608E+1
4.37500E-1	9.53014E+1
4.16992E-1	9.53444E+1
4.18945E-1	9.53852E+1
4.00391E-1	9.54282E+1
4.02344E-1	9.54676E+1
3.90625E-1	9.55102E+1
3.94531E-1	9.55532E+1
3.71094E-1	9.55932E+1
3.74023E-1	9.56354E+1
3.56445E-1	9.56749E+1
3.61328E-1	9.57191E+1
3.41797E-1	9.57607E+1
3.46680E-1	9.58017E+1
3.28125E-1	9.58440E+1
3.29102E-1	9.58835E+1
3.17383E-1	9.59218E+1
3.13477E-1	9.59655E+1
3.03711E-1	9.60068E+1
2.99805E-1	9.60455E+1
2.93945E-1	9.60869E+1
2.92969E-1	9.61290E+1
2.78320E-1	9.61715E+1
2.74414E-1	9.62115E+1
2.72461E-1	9.62515E+1
2.68555E-1	9.62923E+1
2.53906E-1	9.63332E+1
2.50977E-1	9.63770E+1
2.42187E-1	9.64170E+1
2.46094E-1	9.64578E+1
2.22656E-1	9.64956E+1
2.27539E-1	9.65366E+1
2.09961E-1	9.65775E+1
2.14844E-1	9.66179E+1
1.96289E-1	9.66584E+1
1.93359E-1	9.66974E+1
1.87500E-1	9.67385E+1
1.81641E-1	9.67810E+1
1.71875E-1	9.68212E+1
1.70898E-1	9.68602E+1
1.56250E-1	9.69004E+1
1.60156E-1	9.69415E+1
1.45508E-1	9.69831E+1
1.45508E-1	9.70235E+1
1.32812E-1	9.70645E+1
1.35742E-1	9.71045E+1
1.22070E-1	9.71463E+1
1.26953E-1	9.71858E+1
1.18164E-1	9.72258E+1
1.13281E-1	9.72657E+1
1.12305E-1	9.73046E+1
1.11328E-1	9.73467E+1
1.04492E-1	9.73916E+1
1.01562E-1	9.74317E+1
1.00586E-1	9.74706E+1
9.86328E-2	9.75110E+1
9.47266E-2	9.75480E+1
9.57031E-2	9.75912E+1
8.78906E-2	9.76313E+1
9.27734E-2	9.76720E+1
8.49609E-2	9.77110E+1
8.88672E-2	9.77520E+1
8.59375E-2	9.77930E+1
8.78906E-2	9.78351E+1
8.20312E-2	9.78783E+1
8.39844E-2	9.79153E+1
8.49609E-2	9.79552E+1
8.30078E-2	9.79972E+1
8.78906E-2	9.80401E+1
8.49609E-2	9.80819E+1
9.08203E-2	9.81222E+1
8.49609E-2	9.81630E+1
9.37500E-2	9.82046E+1
8.88672E-2	9.82464E+1
9.76562E-2	9.82854E+1
9.27734E-2	9.83270E+1
1.04492E-1	9.83647E+1
1.05469E-1	9.84073E+1
1.10352E-1	9.84463E+1
1.12305E-1	9.84862E+1
1.17187E-1	9.85262E+1
1.18164E-1	9.85662E+1
1.24023E-1	9.86086E+1
1.25977E-1	9.86498E+1
1.37695E-1	9.86891E+1
1.37695E-1	9.87301E+1
1.45508E-1	9.87691E+1
1.42578E-1	9.88139E+1
1.62109E-1	9.88541E+1
1.60156E-1	9.88935E+1
1.67969E-1	9.89346E+1
1.64062E-1	9.89756E+1
1.81641E-1	9.90172E+1
1.79687E-1	9.90591E+1
1.93359E-1	9.90987E+1
1.97266E-1	9.91395E+1
2.04102E-1	9.91786E+1
2.06055E-1	9.92206E+1
2.22656E-1	9.92627E+1
2.29492E-1	9.92998E+1
2.31445E-1	9.93406E+1
2.29492E-1	9.93804E+1
2.55859E-1	9.94214E+1
2.50000E-1	9.94626E+1
2.57812E-1	9.95054E+1
2.55859E-1	9.95454E+1
2.76367E-1	9.95882E+1
2.75391E-1	9.96293E+1
2.82227E-1	9.96682E+1
2.80273E-1	9.97092E+1
3.00781E-1	9.97472E+1
3.02734E-1	9.97866E+1
3.05664E-1	9.98259E+1
3.09570E-1	9.98651E+1
3.26172E-1	9.99045E+1
3.25195E-1	9.99442E+1
3.33008E-1	9.99822E+1
3.30078E-1	1.00025E+2
3.48633E-1	1.00067E+2
3.45703E-1	1.00109E+2
3.61328E-1	1.00150E+2
3.56445E-1	1.00189E+2
3.71094E-1	1.00232E+2
3.69141E-1	1.00274E+2
3.76953E-1	1.00314E+2
3.77930E-1	1.00355E+2
3.80859E-1	1.00392E+2
3.82812E-1	1.00433E+2
3.88672E-1	1.00475E+2
3.90625E-1	1.00515E+2
3.98437E-1	1.00553E+2
3.98437E-1	1.00594E+2
4.06250E-1	1.00634E+2
4.10156E-1	1.00676E+2
4.15039E-1	1.00717E+2
4.14062E-1	1.00756E+2
4.20898E-1	1.00800E+2
4.21875E-1	1.00840E+2
4.24805E-1	1.00878E+2
4.28711E-1	1.00916E+2
4.34570E-1	1.00954E+2
4.28711E-1	1.00995E+2
4.34570E-1	1.01035E+2
4.33594E-1	1.01074E+2
4.40430E-1	1.01116E+2
4.39453E-1	1.01157E+2
4.38477E-1	1.01198E+2
4.42383E-1	1.01236E+2
4.43359E-1	1.01277E+2
4.44336E-1	1.01316E+2
4.42383E-1	1.01357E+2
4.41406E-1	1.01398E+2
4.43359E-1	1.01438E+2
4.40430E-1	1.01480E+2
4.41406E-1	1.01520E+2
4.43359E-1	1.01561E+2
4.42383E-1	1.01604E+2
4.42383E-1	1.01643E+2
4.40430E-1	1.01683E+2
4.38477E-1	1.01724E+2
4.36523E-1	1.01762E+2
4.44336E-1	1.01802E+2
4.37500E-1	1.01842E+2
4.39453E-1	1.01883E+2
4.33594E-1	1.01924E+2
4.37500E-1	1.01964E+2
4.32617E-1	1.02006E+2
4.35547E-1	1.02048E+2
4.29687E-1	1.02087E+2
4.25781E-1	1.02130E+2
4.22852E-1	1.02168E+2
4.21875E-1	1.02207E+2
4.19922E-1	1.02247E+2
4.22852E-1	1.02288E+2
4.10156E-1	1.02325E+2
4.12109E-1	1.02367E+2
4.03320E-1	1.02410E+2
4.04297E-1	1.02445E+2
4.01367E-1	1.02483E+2
3.96484E-1	1.02523E+2
3.88672E-1	1.02564E+2
3.93555E-1	1.02603E+2
3.80859E-1	1.02644E+2
3.86719E-1	1.02685E+2
3.74023E-1	1.02722E+2
3.72070E-1	1.02763E+2
3.66211E-1	1.02805E+2
3.64258E-1	1.02845E+2
3.60352E-1	1.02886E+2
3.56445E-1	1.02929E+2
3.48633E-1	1.02965E+2
3.46680E-1	1.03006E+2
3.42773E-1	1.03047E+2
3.42773E-1	1.03088E+2
3.35937E-1	1.03129E+2
3.33984E-1	1.03168E+2
3.25195E-1	1.03209E+2
3.33008E-1	1.03250E+2
3.23242E-1	1.03291E+2
3.25195E-1	1.03332E+2
3.12500E-1	1.03371E+2
3.11523E-1	1.03412E+2
3.07617E-1	1.03452E+2
3.06641E-1	1.03494E+2
2.97852E-1	1.03536E+2
2.91992E-1	1.03576E+2
2.85156E-1	1.03615E+2
2.77344E-1	1.03655E+2
2.60742E-1	1.03694E+2
2.61719E-1	1.03733E+2
2.54883E-1	1.03775E+2
2.60742E-1	1.03817E+2
2.49023E-1	1.03856E+2
2.50000E-1	1.03898E+2
2.42187E-1	1.03937E+2
2.42187E-1	1.03977E+2
2.31445E-1	1.04019E+2
2.24609E-1	1.04059E+2
2.23633E-1	1.04099E+2
2.21680E-1	1.04140E+2
2.11914E-1	1.04180E+2
2.14844E-1	1.04220E+2
2.02148E-1	1.04261E+2
2.04102E-1	1.04304E+2
1.97266E-1	1.04346E+2
2.00195E-1	1.04386E+2
1.81641E-1	1.04425E+2
1.85547E-1	1.04463E+2
1.76758E-1	1.04504E+2
1.76758E-1	1.04547E+2
1.59180E-1	1.04589E+2
1.63086E-1	1.04627E+2
1.55273E-1	1.04667E+2
1.53320E-1	1.04707E+2
1.48437E-1	1.04748E+2
1.43555E-1	1.04787E+2
1.32812E-1	1.04827E+2
1.34766E-1	1.04866E+2
1.24023E-1	1.04908E+2
1.27930E-1	1.04951E+2
1.12305E-1	1.04992E+2
1.12305E-1	1.05033E+2
1.07422E-1	1.05078E+2
1.05469E-1	1.05118E+2
9.47266E-2	1.05159E+2
9.96094E-2	1.05200E+2
8.88672E-2	1.05240E+2
9.17969E-2	1.05281E+2
8.59375E-2	1.05319E+2
8.20312E-2	1.05359E+2
7.81250E-2	1.05400E+2
7.91016E-2	1.05443E+2
7.61719E-2	1.05483E+2
7.12891E-2	1.05522E+2
6.64062E-2	1.05561E+2
7.12891E-2	1.05599E+2
6.15234E-2	1.05639E+2
6.54297E-2	1.05677E+2
5.85937E-2	1.05718E+2
5.76172E-2	1.05759E+2
5.76172E-2	1.05799E+2
6.05469E-2	1.05841E+2
5.56641E-2	1.05884E+2
5.17578E-2	1.05925E+2
5.27344E-2	1.05967E+2
5.56641E-2	1.06010E+2
5.37109E-2	1.06049E+2
4.98047E-2	1.06090E+2
5.66406E-2	1.06129E+2
5.07812E-2	1.06170E+2
5.46875E-2	1.06213E+2
5.37109E-2	1.06253E+2
5.56641E-2	1.06292E+2
5.66406E-2	1.06334E+2
5.17578E-2	1.06374E+2
5.66406E-2	1.06412E+2
5.76172E-2	1.06452E+2
5.66406E-2	1.06492E+2
5.85937E-2	1.06533E+2
5.37109E-2	1.06573E+2
6.44531E-2	1.06612E+2
6.15234E-2	1.06655E+2
7.03125E-2	1.06697E+2
6.44531E-2	1.06740E+2
7.03125E-2	1.06780E+2
6.83594E-2	1.06821E+2
7.61719E-2	1.06864E+2
7.32422E-2	1.06904E+2
8.20312E-2	1.06945E+2
7.42187E-2	1.06986E+2
8.39844E-2	1.07027E+2
8.30078E-2	1.07070E+2
9.08203E-2	1.07110E+2
8.78906E-2	1.07150E+2
8.98437E-2	1.07191E+2
9.17969E-2	1.07234E+2
9.57031E-2	1.07275E+2
9.66797E-2	1.07317E+2
9.96094E-2	1.07358E+2
1.03516E-1	1.07396E+2
1.08398E-1	1.07435E+2
1.12305E-1	1.07475E+2
1.12305E-1	1.07517E+2
1.18164E-1	1.07561E+2
1.24023E-1	1.07603E+2
1.23047E-1	1.07642E+2
1.28906E-1	1.07680E+2
1.26953E-1	1.07720E+2
1.36719E-1	1.07760E+2
1.36719E-1	1.07801E+2
1.40625E-1	1.07842E+2
1.42578E-1	1.07882E+2
1.47461E-1	1.07924E+2
1.46484E-1	1.07968E+2
1.51367E-1	1.08007E+2
1.56250E-1	1.08047E+2
1.56250E-1	1.08088E+2
1.59180E-1	1.08130E+2
1.60156E-1	1.08169E+2
1.60156E-1	1.08209E+2
1.66992E-1	1.08248E+2
1.66016E-1	1.08285E+2
1.74805E-1	1.08326E+2
1.75781E-1	1.08365E+2
1.72852E-1	1.08405E+2
1.77734E-1	1.08445E+2
1.82617E-1	1.08485E+2
1.78711E-1	1.08523E+2
1.83594E-1	1.08563E+2
1.82617E-1	1.08603E+2
1.91406E-1	1.08645E+2
1.84570E-1	1.08685E+2
1.88477E-1	1.08725E+2
1.93359E-1	1.08761E+2
1.92383E-1	1.08802E+2
1.92383E-1	1.08840E+2
2.01172E-1	1.08880E+2
1.95312E-1	1.08920E+2
2.04102E-1	1.08962E+2
2.02148E-1	1.09003E+2
2.03125E-1	1.09045E+2
2.03125E-1	1.09087E+2
2.03125E-1	1.09129E+2
2.05078E-1	1.09169E+2
2.08984E-1	1.09212E+2
2.05078E-1	1.09255E+2
2.10937E-1	1.09295E+2
2.08984E-1	1.09334E+2
2.08008E-1	1.09375E+2
2.10937E-1	1.09418E+2
2.12891E-1	1.09460E+2
2.09961E-1	1.09501E+2
2.15820E-1	1.09543E+2
2.09961E-1	1.09584E+2
2.14844E-1	1.09624E+2
2.12891E-1	1.09667E+2
2.11914E-1	1.09707E+2
2.14844E-1	1.09746E+2
2.10937E-1	1.09787E+2
2.10937E-1	1.09831E+2
2.11914E-1	1.09875E+2
2.11914E-1	1.09918E+2
2.12891E-1	1.09962E+2
2.09961E-1	1.10002E+2
2.12891E-1	1.10045E+2
2.09961E-1	1.10086E+2
2.11914E-1	1.10127E+2
2.08008E-1	1.10168E+2
2.06055E-1	1.10207E+2
2.10937E-1	1.10245E+2
2.06055E-1	1.10285E+2
2.05078E-1	1.10325E+2
2.00195E-1	1.10369E+2
1.99219E-1	1.10407E+2
1.99219E-1	1.10447E+2
1.97266E-1	1.10490E+2
1.95312E-1	1.10530E+2
1.94336E-1	1.10571E+2
1.98242E-1	1.10610E+2
1.95312E-1	1.10652E+2
1.95312E-1	1.10692E+2
1.94336E-1	1.10730E+2
1.86523E-1	1.10770E+2
1.91406E-1	1.10811E+2
1.80664E-1	1.10855E+2
1.86523E-1	1.10893E+2
1.77734E-1	1.10931E+2
1.79687E-1	1.10974E+2
1.79687E-1	1.11016E+2
1.76758E-1	1.11056E+2
1.75781E-1	1.11095E+2
1.72852E-1	1.11136E+2
1.70898E-1	1.11175E+2
1.69922E-1	1.11215E+2
1.70898E-1	1.11257E+2
1.68945E-1	1.11299E+2
1.59180E-1	1.11341E+2
1.60156E-1	1.11380E+2
1.55273E-1	1.11419E+2
1.59180E-1	1.11459E+2
1.46484E-1	1.11501E+2
1.51367E-1	1.11543E+2
1.47461E-1	1.11585E+2
1.48437E-1	1.11629E+2
1.42578E-1	1.11671E+2
1.42578E-1	1.11712E+2
1.35742E-1	1.11750E+2
1.39648E-1	1.11791E+2
1.33789E-1	1.11832E+2
1.32812E-1	1.11875E+2
1.27930E-1	1.11915E+2
1.25000E-1	1.11956E+2
1.21094E-1	1.11999E+2
1.17187E-1	1.12037E+2
1.14258E-1	1.12079E+2
1.12305E-1	1.12121E+2
1.09375E-1	1.12162E+2
1.09375E-1	1.12204E+2
1.09375E-1	1.12245E+2
1.03516E-1	1.12285E+2
1.05469E-1	1.12327E+2
9.96094E-2	1.12366E+2
9.66797E-2	1.12408E+2
9.86328E-2	1.12448E+2
9.08203E-2	1.12487E+2
9.37500E-2	1.12530E+2
8.10547E-2	1.12571E+2
8.59375E-2	1.12611E+2
8.30078E-2	1.12652E+2
8.49609E-2	1.12695E+2
7.51953E-2	1.12734E+2
7.61719E-2	1.12775E+2
7.32422E-2	1.12814E+2
7.03125E-2	1.12855E+2
7.03125E-2	1.12897E+2
7.22656E-2	1.12938E+2
6.83594E-2	1.12980E+2
6.34766E-2	1.13020E+2
6.54297E-2	1.13064E+2
5.95703E-2	1.13105E+2
5.95703E-2	1.13148E+2
5.95703E-2	1.13190E+2
5.27344E-2	1.13231E+2
5.07812E-2	1.13272E+2
5.27344E-2	1.13313E+2
4.68750E-2	1.13353E+2
4.88281E-2	1.13394E+2
4.68750E-2	1.13435E+2
4.29687E-2	1.13476E+2
4.29687E-2	1.13514E+2
3.80859E-2	1.13554E+2
4.19922E-2	1.13594E+2
3.80859E-2	1.13634E+2
4.00391E-2	1.13675E+2
3.90625E-2	1.13716E+2
3.51562E-2	1.13753E+2
3.32031E-2	1.13798E+2
3.41797E-2	1.13836E+2
3.41797E-2	1.13875E+2
3.12500E-2	1.13915E+2
2.92969E-2	1.13958E+2
3.22266E-2	1.13998E+2
2.92969E-2	1.14040E+2
2.92969E-2	1.14082E+2
2.63672E-2	1.14122E+2
2.73437E-2	1.14161E+2
2.14844E-2	1.14204E+2
2.63672E-2	1.14245E+2
2.44141E-2	1.14288E+2
2.63672E-2	1.14329E+2
2.05078E-2	1.14369E+2
1.95312E-2	1.14408E+2
2.24609E-2	1.14447E+2
2.05078E-2	1.14488E+2
2.34375E-2	1.14529E+2
1.66016E-2	1.14568E+2
2.14844E-2	1.14611E+2
2.05078E-2	1.14651E+2
2.05078E-2	1.14691E+2
2.14844E-2	1.14730E+2
1.85547E-2	1.14773E+2
2.14844E-2	1.14815E+2
1.95312E-2	1.14857E+2
2.14844E-2	1.14900E+2
1.95312E-2	1.14940E+2
2.34375E-2	1.14982E+2
1.75781E-2	1.15020E+2
2.44141E-2	1.15060E+2
1.95312E-2	1.15102E+2
1.95312E-2	1.15141E+2
2.05078E-2	1.15183E+2
2.24609E-2	1.15224E+2
2.05078E-2	1.15265E+2
2.44141E-2	1.15309E+2
2.63672E-2	1.15351E+2
2.05078E-2	1.15390E+2
2.73437E-2	1.15429E+2
2.14844E-2	1.15471E+2
2.92969E-2	1.15511E+2
2.53906E-2	1.15553E+2
2.63672E-2	1.15595E+2
2.53906E-2	1.15635E+2
2.63672E-2	1.15677E+2
2.83203E-2	1.15716E+2
2.63672E-2	1.15755E+2
3.02734E-2	1.15796E+2
2.83203E-2	1.15838E+2
3.22266E-2	1.15878E+2
3.22266E-2	1.15919E+2
3.02734E-2	1.15957E+2
3.12500E-2	1.15999E+2
3.22266E-2	1.16042E+2
3.61328E-2	1.16084E+2
3.22266E-2	1.16123E+2
4.00391E-2	1.16162E+2
3.51562E-2	1.16205E+2
4.29687E-2	1.16246E+2
4.00391E-2	1.16285E+2
3.90625E-2	1.16323E+2
4.29687E-2	1.16364E+2
4.00391E-2	1.16403E+2
4.29687E-2	1.16446E+2
4.10156E-2	1.16485E+2
4.19922E-2	1.16526E+2
4.58984E-2	1.16565E+2
4.19922E-2	1.16605E+2
4.78516E-2	1.16647E+2
4.19922E-2	1.16687E+2
4.68750E-2	1.16727E+2
4.88281E-2	1.16767E+2
4.49219E-2	1.16809E+2
5.07812E-2	1.16849E+2
4.78516E-2	1.16889E+2
5.37109E-2	1.16931E+2
4.88281E-2	1.16969E+2
4.98047E-2	1.17009E+2
5.07812E-2	1.17050E+2
4.88281E-2	1.17093E+2
5.27344E-2	1.17133E+2
4.78516E-2	1.17174E+2
5.27344E-2	1.17217E+2
4.88281E-2	1.17260E+2
5.17578E-2	1.17301E+2
5.17578E-2	1.17345E+2
5.37109E-2	1.17384E+2
5.76172E-2	1.17420E+2
5.07812E-2	1.17458E+2
5.27344E-2	1.17499E+2
5.07812E-2	1.17543E+2
5.37109E-2	1.17586E+2
5.17578E-2	1.17623E+2
5.37109E-2	1.17667E+2
5.17578E-2	1.17707E+2
5.56641E-2	1.17750E+2
5.46875E-2	1.17789E+2
5.46875E-2	1.17828E+2
4.88281E-2	1.17872E+2
5.56641E-2	1.17914E+2
5.07812E-2	1.17953E+2
5.07812E-2	1.17995E+2
5.56641E-2	1.18036E+2
5.46875E-2	1.18079E+2
5.56641E-2	1.18118E+2
5.27344E-2	1.18160E+2
5.66406E-2	1.18199E+2
5.37109E-2	1.18243E+2
5.76172E-2	1.18286E+2
5.27344E-2	1.18324E+2
5.66406E-2	1.18362E+2
5.66406E-2	1.18403E+2
5.56641E-2	1.18447E+2
5.46875E-2	1.18486E+2
5.37109E-2	1.18527E+2
5.85937E-2	1.18567E+2
5.56641E-2	1.18604E+2
5.76172E-2	1.18649E+2
5.27344E-2	1.18689E+2
5.37109E-2	1.18730E+2
5.56641E-2	1.18770E+2
4.88281E-2	1.18810E+2
5.07812E-2	1.18846E+2
5.27344E-2	1.18888E+2
4.98047E-2	1.18928E+2
5.37109E-2	1.18968E+2
4.78516E-2	1.19007E+2
5.07812E-2	1.19046E+2
5.27344E-2	1.19088E+2
4.78516E-2	1.19125E+2
5.07812E-2	1.19164E+2
4.58984E-2	1.19205E+2
4.68750E-2	1.19246E+2
4.88281E-2	1.19288E+2
4.29687E-2	1.19327E+2
4.88281E-2	1.19368E+2
4.19922E-2	1.19409E+2
4.39453E-2	1.19448E+2
4.49219E-2	1.19486E+2
4.19922E-2	1.19527E+2
4.58984E-2	1.19568E+2
4.19922E-2	1.19610E+2
4.39453E-2	1.19651E+2
4.19922E-2	1.19691E+2
4.39453E-2	1.19733E+2
3.90625E-2	1.19773E+2
4.29687E-2	1.19816E+2
4.10156E-2	1.19856E+2
3.90625E-2	1.19897E+2
4.10156E-2	1.19938E+2
3.71094E-2	1.19978E+2
3.80859E-2	1.20022E+2
3.51562E-2	1.20065E+2
3.41797E-2	1.20105E+2
3.51562E-2	1.20146E+2
3.71094E-2	1.20188E+2
3.02734E-2	1.20227E+2
3.51562E-2	1.20269E+2
3.22266E-2	1.20312E+2
3.32031E-2	1.20354E+2
2.92969E-2	1.20394E+2
3.12500E-2	1.20434E+2
2.73437E-2	1.20475E+2
3.12500E-2	1.20516E+2
3.02734E-2	1.20554E+2
2.53906E-2	1.20595E+2
3.32031E-2	1.20635E+2
2.73437E-2	1.20676E+2
2.73437E-2	1.20717E+2
2.63672E-2	1.20757E+2
2.73437E-2	1.20798E+2
2.63672E-2	1.20840E+2
2.63672E-2	1.20880E+2
2.44141E-2	1.20923E+2
2.73437E-2	1.20965E+2
2.63672E-2	1.21005E+2
2.14844E-2	1.21046E+2
2.83203E-2	1.21088E+2
2.24609E-2	1.21129E+2
2.73437E-2	1.21167E+2
2.14844E-2	1.21208E+2
2.83203E-2	1.21248E+2
2.05078E-2	1.21289E+2
2.34375E-2	1.21332E+2
2.44141E-2	1.21372E+2
2.14844E-2	1.21413E+2
2.34375E-2	1.21458E+2
2.44141E-2	1.21501E+2
2.24609E-2	1.21541E+2
2.34375E-2	1.21582E+2
2.63672E-2	1.21622E+2
1.95312E-2	1.21660E+2
2.44141E-2	1.21701E+2
1.95312E-2	1.21740E+2
2.44141E-2	1.21782E+2
1.95312E-2	1.21824E+2
1.95312E-2	1.21865E+2
2.44141E-2	1.21905E+2
1.95312E-2	1.21944E+2
2.05078E-2	1.21987E+2
2.05078E-2	1.22026E+2
2.24609E-2	1.22068E+2
2.05078E-2	1.22109E+2
2.53906E-2	1.22148E+2
2.53906E-2	1.22190E+2
2.14844E-2	1.22230E+2
2.34375E-2	1.22271E+2
1.95312E-2	1.22312E+2
2.14844E-2	1.22355E+2
1.95312E-2	1.22397E+2
1.85547E-2	1.22437E+2
1.66016E-2	1.22479E+2
2.05078E-2	1.22520E+2
1.75781E-2	1.22560E+2
2.05078E-2	1.22602E+2
1.66016E-2	1.22640E+2
1.56250E-2	1.22681E+2
1.95312E-2	1.22719E+2
1.46484E-2	1.22760E+2
1.66016E-2	1.22801E+2
1.75781E-2	1.22839E+2
1.46484E-2	1.22879E+2
1.75781E-2	1.22921E+2
1.26953E-2	1.22961E+2
1.56250E-2	1.23000E+2
1.46484E-2	1.23044E+2
1.46484E-2	1.23086E+2
1.17187E-2	1.23125E+2
1.07422E-2	1.23163E+2
1.56250E-2	1.23203E+2
9.76562E-3	1.23242E+2
1.36719E-2	1.23283E+2
1.07422E-2	1.23326E+2
1.17187E-2	1.23368E+2
8.78906E-3	1.23411E+2
1.17187E-2	1.23453E+2
7.81250E-3	1.23493E+2
8.78906E-3	1.23535E+2
8.78906E-3	1.23575E+2
1.07422E-2	1.23618E+2
9.76562E-3	1.23658E+2
9.76562E-3	1.23702E+2
8.78906E-3	1.23743E+2
8.78906E-3	1.23783E+2
7.81250E-3	1.23826E+2
5.85937E-3	1.23863E+2
1.17187E-2	1.23902E+2
7.81250E-3	1.23941E+2
8.78906E-3	1.23982E+2
8.78906E-3	1.24025E+2
1.07422E-2	1.24067E+2
9.76562E-3	1.24108E+2
7.81250E-3	1.24146E+2
1.07422E-2	1.24187E+2
6.83594E-3	1.24227E+2
9.76562E-3	1.24268E+2
5.85937E-3	1.24309E+2
6.83594E-3	1.24352E+2
5.85937E-3	1.24394E+2
1.17187E-2	1.24438E+2
6.83594E-3	1.24476E+2
7.81250E-3	1.24516E+2
8.78906E-3	1.24555E+2
6.83594E-3	1.24594E+2
7.81250E-3	1.24631E+2
7.81250E-3	1.24674E+2
7.81250E-3	1.24718E+2
5.85937E-3	1.24760E+2
7.81250E-3	1.24801E+2
8.78906E-3	1.24840E+2
6.83594E-3	1.24880E+2
7.81250E-3	1.24923E+2
8.78906E-3	1.24966E+2
6.83594E-3	1.25008E+2
7.81250E-3	1.25049E+2
8.78906E-3	1.25088E+2
5.85937E-3	1.25130E+2
6.83594E-3	1.25172E+2
7.81250E-3	1.25215E+2
7.81250E-3	1.25258E+2
7.81250E-3	1.25301E+2
5.85937E-3	1.25343E+2
4.88281E-3	1.25386E+2
6.83594E-3	1.25426E+2
7.81250E-3	1.25466E+2
7.81250E-3	1.25507E+2
7.81250E-3	1.25548E+2
6.83594E-3	1.25589E+2
3.90625E-3	1.25628E+2
5.85937E-3	1.25668E+2
4.88281E-3	1.25711E+2
5.85937E-3	1.25748E+2
5.85937E-3	1.25786E+2
3.90625E-3	1.25827E+2
4.88281E-3	1.25865E+2
6.83594E-3	1.25906E+2
5.85937E-3	1.25947E+2
7.81250E-3	1.25988E+2
5.85937E-3	1.26027E+2
5.85937E-3	1.26066E+2
5.85937E-3	1.26107E+2
5.85937E-3	1.26149E+2
6.83594E-3	1.26190E+2
3.90625E-3	1.26228E+2
4.88281E-3	1.26269E+2
4.88281E-3	1.26309E+2
5.85937E-3	1.26351E+2
3.90625E-3	1.26394E+2
5.85937E-3	1.26435E+2
5.85937E-3	1.26476E+2
4.88281E-3	1.26516E+2
3.90625E-3	1.26558E+2
3.90625E-3	1.26597E+2
6.83594E-3	1.26637E+2
3.90625E-3	1.26679E+2
6.83594E-3	1.26719E+2
3.90625E-3	1.26758E+2
5.85937E-3	1.26799E+2
7.81250E-3	1.26840E+2
4.88281E-3	1.26882E+2
6.83594E-3	1.26923E+2
3.90625E-3	1.26962E+2
5.85937E-3	1.27003E+2
3.90625E-3	1.27043E+2
2.92969E-3	1.27087E+2
2.92969E-3	1.27129E+2
5.85937E-3	1.27172E+2
3.90625E-3	1.27215E+2
3.90625E-3	1.27254E+2
2.92969E-3	1.27296E+2
5.85937E-3	1.27337E+2
2.92969E-3	1.27380E+2
7.81250E-3	1.27417E+2
5.85937E-3	1.27456E+2
2.92969E-3	1.27497E+2
5.85937E-3	1.27535E+2
1.95312E-3	1.27574E+2
4.88281E-3	1.27615E+2
2.92969E-3	1.27657E+2
3.90625E-3	1.27700E+2
6.83594E-3	1.27740E+2
4.88281E-3	1.27782E+2
5.85937E-3	1.27823E+2
2.92969E-3	1.27862E+2
3.90625E-3	1.27902E+2
2.92969E-3	1.27944E+2
3.90625E-3	1.27986E+2
3.90625E-3	1.28029E+2
4.88281E-3	1.28070E+2
2.92969E-3	1.28110E+2
3.90625E-3	1.28153E+2
1.95312E-3	1.28192E+2
2.92969E-3	1.28231E+2
1.95312E-3	1.28269E+2
1.95312E-3	1.28309E+2
5.85937E-3	1.28349E+2
5.85937E-3	1.28390E+2
9.76562E-4	1.28429E+2
1.95312E-3	1.28470E+2
2.92969E-3	1.28508E+2
1.95312E-3	1.28546E+2
2.92969E-3	1.28585E+2
1.95312E-3	1.28625E+2
4.88281E-3	1.28666E+2
3.90625E-3	1.28705E+2
1.95312E-3	1.28748E+2
4.88281E-3	1.28785E+2
1.95312E-3	1.28824E+2
4.88281E-3	1.28865E+2
4.88281E-3	1.28904E+2
1.95312E-3	1.28944E+2
4.88281E-3	1.28983E+2
2.92969E-3	1.29023E+2
2.92969E-3	1.29063E+2
3.90625E-3	1.29102E+2
2.92969E-3	1.29142E+2
2.92969E-3	1.29184E+2
1.95312E-3	1.29228E+2
4.88281E-3	1.29267E+2
1.95312E-3	1.29308E+2
2.92969E-3	1.29350E+2
2.92969E-3	1.29393E+2
6.83594E-3	1.29432E+2
3.90625E-3	1.29472E+2
1.95312E-3	1.29511E+2
5.85937E-3	1.29547E+2
5.85937E-3	1.29588E+2
2.92969E-3	1.29628E+2
1.95312E-3	1.29668E+2
2.92969E-3	1.29711E+2
3.90625E-3	1.29754E+2
1.95312E-3	1.29795E+2
1.95312E-3	1.29836E+2
4.88281E-3	1.29875E+2
3.90625E-3	1.29912E+2
4.88281E-3	1.29953E+2
2.92969E-3	1.29993E+2
4.88281E-3	1.30035E+2
6.83594E-3	1.30072E+2
3.90625E-3	1.30113E+2
5.85937E-3	1.30155E+2
2.92969E-3	1.30195E+2
2.92969E-3	1.30237E+2
2.92969E-3	1.30278E+2
3.90625E-3	1.30318E+2
1.95312E-3	1.30361E+2
5.85937E-3	1.30400E+2
4.88281E-3	1.30440E+2
1.95312E-3	1.30479E+2
3.90625E-3	1.30519E+2
1.95312E-3	1.30559E+2
5.85937E-3	1.30600E+2
4.88281E-3	1.30638E+2
1.95312E-3	1.30678E+2
5.85937E-3	1.30717E+2
4.88281E-3	1.30757E+2
3.90625E-3	1.30795E+2
3.90625E-3	1.30836E+2
4.88281E-3	1.30875E+2
4.88281E-3	1.30916E+2
5.85937E-3	1.30956E+2
4.88281E-3	1.30997E+2
5.85937E-3	1.31040E+2
4.88281E-3	1.31079E+2
3.90625E-3	1.31120E+2
4.88281E-3	1.31161E+2
4.88281E-3	1.31202E+2
2.92969E-3	1.31241E+2
4.88281E-3	1.31282E+2
5.85937E-3	1.31320E+2
6.83594E-3	1.31362E+2
4.88281E-3	1.31405E+2
1.95312E-3	1.31445E+2
4.88281E-3	1.31485E+2
2.92969E-3	1.31527E+2
4.88281E-3	1.31565E+2
5.85937E-3	1.31605E+2
2.92969E-3	1.31645E+2
6.83594E-3	1.31684E+2
4.88281E-3	1.31723E+2
3.90625E-3	1.31763E+2
4.88281E-3	1.31803E+2
4.88281E-3	1.31843E+2
3.90625E-3	1.31878E+2
4.88281E-3	1.31918E+2
2.92969E-3	1.31960E+2
7.81250E-3	1.32000E+2
7.81250E-3	1.32039E+2
4.88281E-3	1.32079E+2
7.81250E-3	1.32117E+2
5.85937E-3	1.32157E+2
6.83594E-3	1.32197E+2
4.88281E-3	1.32239E+2
8.78906E-3	1.32281E+2
4.88281E-3	1.32322E+2
6.83594E-3	1.32366E+2
6.83594E-3	1.32407E+2
6.83594E-3	1.32446E+2
6.83594E-3	1.32488E+2
3.90625E-3	1.32527E+2
7.81250E-3	1.32566E+2
7.81250E-3	1.32606E+2
7.81250E-3	1.32649E+2
6.83594E-3	1.32689E+2
6.83594E-3	1.32731E+2
7.81250E-3	1.32771E+2
6.83594E-3	1.32813E+2
8.78906E-3	1.32853E+2
7.81250E-3	1.32891E+2
9.76562E-3	1.32930E+2
7.81250E-3	1.32972E+2
5.85937E-3	1.33013E+2
1.07422E-2	1.33051E+2
7.81250E-3	1.33089E+2
1.07422E-2	1.33131E+2
8.78906E-3	1.33172E+2
9.76562E-3	1.33213E+2
1.17187E-2	1.33253E+2
7.81250E-3	1.33292E+2
9.76562E-3	1.33332E+2
9.76562E-3	1.33372E+2
8.78906E-3	1.33412E+2
8.78906E-3	1.33455E+2
8.78906E-3	1.33495E+2
1.17187E-2	1.33537E+2
7.81250E-3	1.33577E+2
8.78906E-3	1.33619E+2
8.78906E-3	1.33657E+2
9.76562E-3	1.33698E+2
8.78906E-3	1.33739E+2
9.76562E-3	1.33781E+2
9.76562E-3	1.33822E+2
6.83594E-3	1.33864E+2
8.78906E-3	1.33905E+2
6.83594E-3	1.33944E+2
1.26953E-2	1.33985E+2
9.76562E-3	1.34023E+2
8.78906E-3	1.34062E+2
1.07422E-2	1.34102E+2
8.78906E-3	1.34143E+2
9.76562E-3	1.34185E+2
7.81250E-3	1.34229E+2
1.36719E-2	1.34269E+2
6.83594E-3	1.34310E+2
1.07422E-2	1.34350E+2
1.17187E-2	1.34389E+2
9.76562E-3	1.34427E+2
8.78906E-3	1.34471E+2
8.78906E-3	1.34513E+2
8.78906E-3	1.34554E+2
9.76562E-3	1.34596E+2
8.78906E-3	1.34638E+2
8.78906E-3	1.34679E+2
1.17187E-2	1.34720E+2
8.78906E-3	1.34761E+2
9.76562E-3	1.34800E+2
9.76562E-3	1.34839E+2
7.81250E-3	1.34882E+2
7.81250E-3	1.34926E+2
1.07422E-2	1.34965E+2
1.07422E-2	1.35005E+2
7.81250E-3	1.35045E+2
8.78906E-3	1.35085E+2
3.90625E-3	1.35128E+2
7.81250E-3	1.35165E+2
8.78906E-3	1.35205E+2
6.83594E-3	1.35245E+2
9.76562E-3	1.35289E+2
6.83594E-3	1.35330E+2
8.78906E-3	1.35368E+2
6.83594E-3	1.35405E+2
6.83594E-3	1.35444E+2
9.76562E-3	1.35484E+2
6.83594E-3	1.35524E+2
8.78906E-3	1.35564E+2
8.78906E-3	1.35605E+2
5.85937E-3	1.35645E+2
9.76562E-3	1.35685E+2
6.83594E-3	1.35726E+2
9.76562E-3	1.35766E+2
8.78906E-3	1.35805E+2
8.78906E-3	1.35847E+2
7.81250E-3	1.35888E+2
4.88281E-3	1.35926E+2
8.78906E-3	1.35967E+2
5.85937E-3	1.36008E+2
9.76562E-3	1.36048E+2
6.83594E-3	1.36088E+2
7.81250E-3	1.36128E+2
9.76562E-3	1.36172E+2
6.83594E-3	1.36212E+2
8.78906E-3	1.36255E+2
3.90625E-3	1.36293E+2
9.76562E-3	1.36333E+2
6.83594E-3	1.36373E+2
7.81250E-3	1.36413E+2
6.83594E-3	1.36455E+2
3.90625E-3	1.36495E+2
6.83594E-3	1.36534E+2
6.83594E-3	1.36574E+2
5.85937E-3	1.36610E+2
6.83594E-3	1.36651E+2
3.90625E-3	1.36693E+2
5.85937E-3	1.36734E+2
3.90625E-3	1.36774E+2
6.83594E-3	1.36815E+2
3.90625E-3	1.36858E+2
5.85937E-3	1.36898E+2
2.92969E-3	1.36940E+2
7.81250E-3	1.36981E+2
3.90625E-3	1.37019E+2
3.90625E-3	1.37058E+2
6.83594E-3	1.37098E+2
6.83594E-3	1.37139E+2
5.85937E-3	1.37178E+2
4.88281E-3	1.37221E+2
3.90625E-3	1.37262E+2
5.85937E-3	1.37304E+2
2.92969E-3	1.37342E+2
6.83594E-3	1.37383E+2
4.88281E-3	1.37421E+2
3.90625E-3	1.37463E+2
3.90625E-3	1.37505E+2
3.90625E-3	1.37547E+2
3.90625E-3	1.37590E+2
3.90625E-3	1.37631E+2
1.95312E-3	1.37670E+2
4.88281E-3	1.37715E+2
4.88281E-3	1.37755E+2
3.90625E-3	1.37795E+2
4.88281E-3	1.37835E+2
1.95312E-3	1.37876E+2
1.95312E-3	1.37913E+2
2.92969E-3	1.37953E+2
1.95312E-3	1.37993E+2
4.88281E-3	1.38032E+2
4.88281E-3	1.38072E+2
3.90625E-3	1.38112E+2
2.92969E-3	1.38155E+2
3.90625E-3	1.38198E+2
1.95312E-3	1.38239E+2
2.92969E-3	1.38279E+2
4.88281E-3	1.38319E+2
0.00000E+0	1.38361E+2
9.76562E-4	1.38401E+2
2.92969E-3	1.38440E+2
9.76562E-4	1.38480E+2
3.90625E-3	1.38520E+2
3.90625E-3	1.38562E+2
9.76562E-4	1.38602E+2
9.76562E-4	1.38643E+2
9.76562E-4	1.38685E+2
9.76562E-4	1.38725E+2
2.92969E-3	1.38764E+2
9.76562E-4	1.38808E+2
3.90625E-3	1.38850E+2
1.95312E-3	1.38889E+2
2.92969E-3	1.38932E+2
1.95312E-3	1.38974E+2
1.95312E-3	1.39013E+2
1.95312E-3	1.39053E+2
9.76562E-4	1.39089E+2
3.90625E-3	1.39132E+2
3.90625E-3	1.39171E+2
1.95312E-3	1.39210E+2
9.76562E-4	1.39251E+2
1.95312E-3	1.39292E+2
1.95312E-3	1.39335E+2
1.95312E-3	1.39374E+2
1.95312E-3	1.39413E+2
2.92969E-3	1.39454E+2
1.95312E-3	1.39493E+2
2.92969E-3	1.39533E+2
1.95312E-3	1.39573E+2
1.95312E-3	1.39613E+2
2.92969E-3	1.39652E+2
1.95312E-3	1.39693E+2
1.95312E-3	1.39731E+2
3.90625E-3	1.39769E+2
2.92969E-3	1.39811E+2
2.92969E-3	1.39851E+2
2.92969E-3	1.39894E+2
2.92969E-3	1.39935E+2
1.95312E-3	1.39975E+2
1.95312E-3	1.40017E+2
2.92969E-3	1.40057E+2
4.88281E-3	1.40095E+2
4.88281E-3	1.40138E+2
4.88281E-3	1.40179E+2
5.85937E-3	1.40221E+2
2.92969E-3	1.40260E+2
5.85937E-3	1.40302E+2
4.88281E-3	1.40340E+2
6.83594E-3	1.40382E+2
7.81250E-3	1.40422E+2
5.85937E-3	1.40461E+2
4.88281E-3	1.40503E+2
3.90625E-3	1.40543E+2
6.83594E-3	1.40583E+2
4.88281E-3	1.40622E+2
5.85937E-3	1.40663E+2
6.83594E-3	1.40703E+2
5.85937E-3	1.40744E+2
8.78906E-3	1.40784E+2
4.88281E-3	1.40825E+2
7.81250E-3	1.40866E+2
7.81250E-3	1.40905E+2
9.76562E-3	1.40947E+2
9.76562E-3	1.40988E+2
6.83594E-3	1.41028E+2
1.17187E-2	1.41068E+2
8.78906E-3	1.41109E+2
1.07422E-2	1.41150E+2
7.81250E-3	1.41191E+2
1.07422E-2	1.41231E+2
1.07422E-2	1.41272E+2
1.17187E-2	1.41314E+2
8.78906E-3	1.41357E+2
1.17187E-2	1.41399E+2
9.76562E-3	1.41441E+2
1.17187E-2	1.41480E+2
1.07422E-2	1.41520E+2
9.76562E-3	1.41561E+2
1.56250E-2	1.41599E+2
1.07422E-2	1.41640E+2
1.36719E-2	1.41681E+2
1.26953E-2	1.41724E+2
1.46484E-2	1.41767E+2
1.07422E-2	1.41809E+2
1.56250E-2	1.41849E+2
1.26953E-2	1.41888E+2
1.56250E-2	1.41929E+2
1.46484E-2	1.41970E+2
1.07422E-2	1.42010E+2
1.36719E-2	1.42048E+2
1.17187E-2	1.42090E+2
1.36719E-2	1.42131E+2
1.36719E-2	1.42170E+2
1.66016E-2	1.42213E+2
1.26953E-2	1.42255E+2
1.36719E-2	1.42297E+2
1.46484E-2	1.42337E+2
1.56250E-2	1.42380E+2
1.36719E-2	1.42421E+2
1.36719E-2	1.42463E+2
1.85547E-2	1.42503E+2
1.46484E-2	1.42543E+2
1.85547E-2	1.42583E+2
1.75781E-2	1.42624E+2
1.56250E-2	1.42668E+2
1.46484E-2	1.42709E+2
1.66016E-2	1.42748E+2
1.46484E-2	1.42790E+2
1.75781E-2	1.42831E+2
1.56250E-2	1.42874E+2
1.75781E-2	1.42916E+2
1.36719E-2	1.42959E+2
1.66016E-2	1.42999E+2
1.46484E-2	1.43043E+2
1.85547E-2	1.43082E+2
1.66016E-2	1.43123E+2
1.46484E-2	1.43164E+2
1.75781E-2	1.43202E+2
1.66016E-2	1.43242E+2
1.66016E-2	1.43286E+2
1.66016E-2	1.43328E+2
1.75781E-2	1.43369E+2
1.36719E-2	1.43411E+2
2.34375E-2	1.43449E+2
1.26953E-2	1.43489E+2
1.75781E-2	1.43530E+2
1.66016E-2	1.43570E+2
1.75781E-2	1.43614E+2
1.56250E-2	1.43654E+2
1.36719E-2	1.43694E+2
1.95312E-2	1.43730E+2
1.75781E-2	1.43770E+2
1.56250E-2	1.43811E+2
1.56250E-2	1.43852E+2
1.56250E-2	1.43895E+2
1.66016E-2	1.43935E+2
1.26953E-2	1.43978E+2
1.75781E-2	1.44018E+2
1.46484E-2	1.44058E+2
1.66016E-2	1.44097E+2
1.56250E-2	1.44141E+2
1.85547E-2	1.44183E+2
1.66016E-2	1.44224E+2
1.66016E-2	1.44263E+2
1.46484E-2	1.44305E+2
1.75781E-2	1.44347E+2
1.66016E-2	1.44387E+2
1.56250E-2	1.44427E+2
2.14844E-2	1.44467E+2
1.07422E-2	1.44508E+2
1.36719E-2	1.44546E+2
1.46484E-2	1.44586E+2
1.26953E-2	1.44626E+2
1.36719E-2	1.44666E+2
1.36719E-2	1.44708E+2
1.46484E-2	1.44750E+2
1.36719E-2	1.44790E+2
1.26953E-2	1.44832E+2
1.26953E-2	1.44872E+2
1.36719E-2	1.44912E+2
1.17187E-2	1.44955E+2
1.36719E-2	1.44996E+2
1.66016E-2	1.45035E+2
9.76562E-3	1.45074E+2
1.46484E-2	1.45113E+2
1.26953E-2	1.45154E+2
1.17187E-2	1.45194E+2
1.26953E-2	1.45233E+2
1.17187E-2	1.45273E+2
1.17187E-2	1.45311E+2
8.78906E-3	1.45353E+2
1.07422E-2	1.45396E+2
9.76562E-3	1.45440E+2
9.76562E-3	1.45478E+2
1.26953E-2	1.45517E+2
9.76562E-3	1.45555E+2
1.17187E-2	1.45597E+2
9.76562E-3	1.45638E+2
1.07422E-2	1.45679E+2
9.76562E-3	1.45721E+2
7.81250E-3	1.45762E+2
7.81250E-3	1.45805E+2
7.81250E-3	1.45844E+2
8.78906E-3	1.45884E+2
5.85937E-3	1.45923E+2
8.78906E-3	1.45963E+2
7.81250E-3	1.46002E+2
6.83594E-3	1.46041E+2
8.78906E-3	1.46083E+2
3.90625E-3	1.46124E+2
6.83594E-3	1.46164E+2
7.81250E-3	1.46204E+2
4.88281E-3	1.46244E+2
6.83594E-3	1.46281E+2
8.78906E-3	1.46320E+2
5.85937E-3	1.46361E+2
5.85937E-3	1.46402E+2
5.85937E-3	1.46443E+2
5.85937E-3	1.46485E+2
3.90625E-3	1.46525E+2
4.88281E-3	1.46568E+2
5.85937E-3	1.46609E+2
6.83594E-3	1.46651E+2
2.92969E-3	1.46691E+2
4.88281E-3	1.46729E+2
4.88281E-3	1.46770E+2
3.90625E-3	1.46810E+2
5.85937E-3	1.46850E+2
2.92969E-3	1.46892E+2
3.90625E-3	1.46932E+2
1.95312E-3	1.46972E+2
3.90625E-3	1.47010E+2
3.90625E-3	1.47052E+2
1.95312E-3	1.47090E+2
4.88281E-3	1.47129E+2
3.90625E-3	1.47169E+2
3.90625E-3	1.47211E+2
3.90625E-3	1.47251E+2
1.95312E-3	1.47290E+2
5.85937E-3	1.47330E+2
9.76562E-4	1.47370E+2
3.90625E-3	1.47412E+2
3.90625E-3	1.47454E+2
3.90625E-3	1.47494E+2
5.85937E-3	1.47535E+2
4.88281E-3	1.47576E+2
3.90625E-3	1.47617E+2
3.90625E-3	1.47660E+2
2.92969E-3	1.47700E+2
2.92969E-3	1.47741E+2
1.95312E-3	1.47783E+2
1.95312E-3	1.47821E+2
3.90625E-3	1.47863E+2
1.95312E-3	1.47901E+2
3.90625E-3	1.47944E+2
3.90625E-3	1.47985E+2
2.92969E-3	1.48027E+2
4.88281E-3	1.48068E+2
2.92969E-3	1.48109E+2
3.90625E-3	1.48148E+2
2.92969E-3	1.48186E+2
1.95312E-3	1.48225E+2
9.76562E-4	1.48265E+2
1.95312E-3	1.48304E+2
2.92969E-3	1.48346E+2
4.88281E-3	1.48385E+2
1.95312E-3	1.48425E+2
9.76562E-4	1.48465E+2
1.95312E-3	1.48504E+2
0.00000E+0	1.48543E+2
5.85937E-3	1.48583E+2
1.95312E-3	1.48623E+2
2.92969E-3	1.48666E+2
2.92969E-3	1.48705E+2
2.92969E-3	1.48743E+2
3.90625E-3	1.48784E+2
1.95312E-3	1.48826E+2
4.88281E-3	1.48865E+2
3.90625E-3	1.48902E+2
1.95312E-3	1.48941E+2
1.95312E-3	1.48980E+2
3.90625E-3	1.49021E+2
5.85937E-3	1.49061E+2
4.88281E-3	1.49102E+2
1.95312E-3	1.49141E+2
5.85937E-3	1.49178E+2
4.88281E-3	1.49216E+2
4.88281E-3	1.49259E+2
4.88281E-3	1.49300E+2
3.90625E-3	1.49338E+2
4.88281E-3	1.49381E+2
5.85937E-3	1.49419E+2
5.85937E-3	1.49460E+2
7.81250E-3	1.49500E+2
3.90625E-3	1.49541E+2
6.83594E-3	1.49581E+2
2.92969E-3	1.49622E+2
5.85937E-3	1.49664E+2
5.85937E-3	1.49703E+2
4.88281E-3	1.49743E+2
6.83594E-3	1.49781E+2
2.92969E-3	1.49820E+2
7.81250E-3	1.49864E+2
7.81250E-3	1.49905E+2
7.81250E-3	1.49943E+2
7.81250E-3	1.49983E+2
7.81250E-3	1.50025E+2
6.83594E-3	1.50067E+2
4.88281E-3	1.50107E+2
8.78906E-3	1.50146E+2
6.83594E-3	1.50186E+2
2.92969E-3	1.50224E+2
7.81250E-3	1.50264E+2
7.81250E-3	1.50305E+2
8.78906E-3	1.50347E+2
2.92969E-3	1.50390E+2
9.76562E-3	1.50430E+2
5.85937E-3	1.50470E+2
8.78906E-3	1.50513E+2
6.83594E-3	1.50553E+2
8.78906E-3	1.50594E+2
1.17187E-2	1.50633E+2
7.81250E-3	1.50672E+2
1.17187E-2	1.50715E+2
5.85937E-3	1.50755E+2
8.78906E-3	1.50797E+2
8.78906E-3	1.50838E+2
9.76562E-3	1.50881E+2
8.78906E-3	1.50920E+2
5.85937E-3	1.50958E+2
9.76562E-3	1.50997E+2
6.83594E-3	1.51039E+2
9.76562E-3	1.51080E+2
8.78906E-3	1.51120E+2
9.76562E-3	1.51160E+2
1.26953E-2	1.51199E+2
1.07422E-2	1.51241E+2
1.26953E-2	1.51283E+2
1.17187E-2	1.51320E+2
1.17187E-2	1.51358E+2
1.26953E-2	1.51399E+2
8.78906E-3	1.51440E+2
1.26953E-2	1.51481E+2
9.76562E-3	1.51523E+2
1.36719E-2	1.51564E+2
9.76562E-3	1.51602E+2
1.17187E-2	1.51640E+2
1.56250E-2	1.51682E+2
6.83594E-3	1.51722E+2
1.36719E-2	1.51761E+2
9.76562E-3	1.51803E+2
1.26953E-2	1.51847E+2
1.07422E-2	1.51890E+2
1.36719E-2	1.51930E+2
1.07422E-2	1.51968E+2
7.81250E-3	1.52006E+2
1.26953E-2	1.52047E+2
8.78906E-3	1.52087E+2
1.17187E-2	1.52128E+2
9.76562E-3	1.52172E+2
1.26953E-2	1.52211E+2
1.07422E-2	1.52253E+2
1.26953E-2	1.52293E+2
1.07422E-2	1.52333E+2
1.07422E-2	1.52375E+2
1.07422E-2	1.52417E+2
1.26953E-2	1.52460E+2
1.07422E-2	1.52501E+2
1.26953E-2	1.52543E+2
1.07422E-2	1.52583E+2
1.26953E-2	1.52625E+2
1.17187E-2	1.52667E+2
1.07422E-2	1.52709E+2
1.26953E-2	1.52748E+2
6.83594E-3	1.52787E+2
1.26953E-2	1.52828E+2
9.76562E-3	1.52867E+2
9.76562E-3	1.52907E+2
9.76562E-3	1.52949E+2
6.83594E-3	1.52988E+2
9.76562E-3	1.53028E+2
7.81250E-3	1.53070E+2
9.76562E-3	1.53110E+2
8.78906E-3	1.53150E+2
8.78906E-3	1.53190E+2
8.78906E-3	1.53231E+2
7.81250E-3	1.53272E+2
8.78906E-3	1.53315E+2
9.76562E-3	1.53355E+2
9.76562E-3	1.53396E+2
9.76562E-3	1.53433E+2
1.07422E-2	1.53475E+2
8.78906E-3	1.53515E+2
8.78906E-3	1.53559E+2
7.81250E-3	1.53600E+2
7.81250E-3	1.53641E+2
8.78906E-3	1.53681E+2
9.76562E-3	1.53724E+2
9.76562E-3	1.53765E+2
3.90625E-3	1.53803E+2
8.78906E-3	1.53844E+2
3.90625E-3	1.53888E+2
8.78906E-3	1.53929E+2
6.83594E-3	1.53972E+2
9.76562E-3	1.54012E+2
5.85937E-3	1.54051E+2
7.81250E-3	1.54095E+2
5.85937E-3	1.54134E+2
6.83594E-3	1.54177E+2
5.85937E-3	1.54220E+2
6.83594E-3	1.54264E+2
6.83594E-3	1.54307E+2
5.85937E-3	1.54348E+2
5.85937E-3	1.54391E+2
6.83594E-3	1.54429E+2
4.88281E-3	1.54468E+2
5.85937E-3	1.54507E+2
4.88281E-3	1.54550E+2
1.95312E-3	1.54588E+2
5.85937E-3	1.54628E+2
3.90625E-3	1.54667E+2
5.85937E-3	1.54708E+2
5.85937E-3	1.54748E+2
4.88281E-3	1.54788E+2
4.88281E-3	1.54828E+2
2.92969E-3	1.54868E+2
4.88281E-3	1.54910E+2
1.95312E-3	1.54949E+2
4.88281E-3	1.54990E+2
4.88281E-3	1.55030E+2
1.95312E-3	1.55074E+2
1.95312E-3	1.55111E+2
1.95312E-3	1.55153E+2
4.88281E-3	1.55194E+2
1.95312E-3	1.55235E+2
1.95312E-3	1.55279E+2
2.92969E-3	1.55318E+2
3.90625E-3	1.55360E+2
2.92969E-3	1.55400E+2
2.92969E-3	1.55443E+2
3.90625E-3	1.55483E+2
4.88281E-3	1.55526E+2
5.85937E-3	1.55566E+2
1.95312E-3	1.55604E+2
2.92969E-3	1.55646E+2
1.95312E-3	1.55684E+2
3.90625E-3	1.55725E+2
4.88281E-3	1.55765E+2
2.92969E-3	1.55806E+2
4.88281E-3	1.55847E+2
0.00000E+0	1.55888E+2
0.00000E+0	1.55929E+2
1.95312E-3	1.55968E+2
2.92969E-3	1.56009E+2
2.92969E-3	1.56049E+2
1.95312E-3	1.56093E+2
1.95312E-3	1.56135E+2
1.95312E-3	1.56176E+2
1.95312E-3	1.56217E+2
1.95312E-3	1.56259E+2
1.95312E-3	1.56299E+2
9.76562E-4	1.56337E+2
3.90625E-3	1.56377E+2
1.95312E-3	1.56418E+2
1.95312E-3	1.56460E+2
9.76562E-4	1.56501E+2
2.92969E-3	1.56545E+2
2.92969E-3	1.56587E+2
3.90625E-3	1.56629E+2
2.92969E-3	1.56670E+2
2.92969E-3	1.56711E+2
2.92969E-3	1.56753E+2
2.92969E-3	1.56795E+2
9.76562E-4	1.56837E+2
1.95312E-3	1.56878E+2
9.76562E-4	1.56918E+2
1.95312E-3	1.56958E+2
9.76562E-4	1.57000E+2
1.95312E-3	1.57039E+2
3.90625E-3	1.57079E+2
2.92969E-3	1.57120E+2
1.95312E-3	1.57160E+2
1.95312E-3	1.57203E+2
2.92969E-3	1.57240E+2
2.92969E-3	1.57281E+2
1.95312E-3	1.57319E+2
9.76562E-4	1.57359E+2
9.76562E-4	1.57402E+2
3.90625E-3	1.57445E+2
3.90625E-3	1.57488E+2
2.92969E-3	1.57527E+2
1.95312E-3	1.57568E+2
0.00000E+0	1.57609E+2
1.95312E-3	1.57650E+2
9.76562E-4	1.57692E+2
9.76562E-4	1.57732E+2
3.90625E-3	1.57774E+2
1.95312E-3	1.57815E+2
2.92969E-3	1.57855E+2
2.92969E-3	1.57895E+2
1.95312E-3	1.57931E+2
4.88281E-3	1.57973E+2
2.92969E-3	1.58017E+2
2.92969E-3	1.58058E+2
1.95312E-3	1.58097E+2
1.95312E-3	1.58136E+2
2.92969E-3	1.58176E+2
2.92969E-3	1.58217E+2
3.90625E-3	1.58254E+2
4.88281E-3	1.58296E+2
9.76562E-4	1.58336E+2
2.92969E-3	1.58376E+2
2.92969E-3	1.58416E+2
4.88281E-3	1.58457E+2
3.90625E-3	1.58496E+2
1.95312E-3	1.58537E+2
2.92969E-3	1.58576E+2
1.95312E-3	1.58619E+2
5.85937E-3	1.58657E+2
3.90625E-3	1.58695E+2
3.90625E-3	1.58735E+2
3.90625E-3	1.58777E+2
3.90625E-3	1.58821E+2
3.90625E-3	1.58860E+2
2.92969E-3	1.58902E+2
2.92969E-3	1.58943E+2
2.92969E-3	1.58980E+2
1.95312E-3	1.59019E+2
2.92969E-3	1.59058E+2
4.88281E-3	1.59097E+2
2.92969E-3	1.59136E+2
4.88281E-3	1.59176E+2
2.92969E-3	1.59219E+2
2.92969E-3	1.59263E+2
5.85937E-3	1.59306E+2
4.88281E-3	1.59346E+2
9.76562E-4	1.59384E+2
2.92969E-3	1.59424E+2
1.95312E-3	1.59465E+2
1.95312E-3	1.59503E+2
3.90625E-3	1.59543E+2
1.95312E-3	1.59585E+2
3.90625E-3	1.59626E+2
2.92969E-3	1.59665E+2
1.95312E-3	1.59708E+2
1.95312E-3	1.59747E+2
1.95312E-3	1.59785E+2
2.92969E-3	1.59821E+2
3.90625E-3	1.59861E+2
1.95312E-3	1.59903E+2
3.90625E-3	1.59940E+2
3.90625E-3	1.59977E+2
2.92969E-3	1.60017E+2
2.92969E-3	1.60057E+2
5.85937E-3	1.60095E+2
3.90625E-3	1.60137E+2
4.88281E-3	1.60179E+2
2.92969E-3	1.60218E+2
3.90625E-3	1.60257E+2
1.95312E-3	1.60299E+2
4.88281E-3	1.60337E+2
9.76562E-4	1.60380E+2
2.92969E-3	1.60420E+2
4.88281E-3	1.60458E+2
9.76562E-4	1.60500E+2
9.76562E-4	1.60541E+2
1.95312E-3	1.60581E+2
4.88281E-3	1.60622E+2
9.76562E-4	1.60662E+2
3.90625E-3	1.60705E+2
4.88281E-3	1.60743E+2
2.92969E-3	1.60782E+2
1.95312E-3	1.60823E+2
3.90625E-3	1.60865E+2
3.90625E-3	1.60905E+2
4.88281E-3	1.60945E+2
3.90625E-3	1.60988E+2
3.90625E-3	1.61028E+2
5.85937E-3	1.61071E+2
2.92969E-3	1.61112E+2
2.92969E-3	1.61157E+2
2.92969E-3	1.61199E+2
2.92969E-3	1.61241E+2
2.92969E-3	1.61281E+2
3.90625E-3	1.61322E+2
3.90625E-3	1.61365E+2
3.90625E-3	1.61408E+2
1.95312E-3	1.61449E+2
4.88281E-3	1.61489E+2
3.90625E-3	1.61528E+2
9.76562E-4	1.61569E+2
4.88281E-3	1.61609E+2
2.92969E-3	1.61651E+2
2.92969E-3	1.61690E+2
1.95312E-3	1.61734E+2
3.90625E-3	1.61774E+2
1.95312E-3	1.61816E+2
2.92969E-3	1.61856E+2
1.95312E-3	1.61896E+2
2.92969E-3	1.61937E+2
1.95312E-3	1.61978E+2
1.95312E-3	1.62018E+2
1.95312E-3	1.62057E+2
9.76562E-4	1.62096E+2
1.95312E-3	1.62138E+2
3.90625E-3	1.62179E+2
1.95312E-3	1.62217E+2
3.90625E-3	1.62255E+2
2.92969E-3	1.62295E+2
1.95312E-3	1.62337E+2
2.92969E-3	1.62376E+2
2.92969E-3	1.62420E+2
1.95312E-3	1.62461E+2
3.90625E-3	1.62505E+2
9.76562E-4	1.62545E+2
3.90625E-3	1.62585E+2
1.95312E-3	1.62625E+2
1.95312E-3	1.62667E+2
3.90625E-3	1.62706E+2
2.92969E-3	1.62745E+2
1.95312E-3	1.62785E+2
2.92969E-3	1.62825E+2
9.76562E-4	1.62867E+2
1.95312E-3	1.62907E+2
1.95312E-3	1.62948E+2
1.95312E-3	1.62988E+2
9.76562E-4	1.63029E+2
3.90625E-3	1.63071E+2
9.76562E-4	1.63111E+2
1.95312E-3	1.63153E+2
9.76562E-4	1.63192E+2
3.90625E-3	1.63231E+2
3.90625E-3	1.63271E+2
1.95312E-3	1.63312E+2
2.92969E-3	1.63355E+2
3.90625E-3	1.63393E+2
9.76562E-4	1.63432E+2
1.95312E-3	1.63471E+2
2.92969E-3	1.63510E+2
9.76562E-4	1.63549E+2
2.92969E-3	1.63590E+2
9.76562E-4	1.63628E+2
3.90625E-3	1.63670E+2
3.90625E-3	1.63711E+2
1.95312E-3	1.63750E+2
9.76562E-4	1.63789E+2
2.92969E-3	1.63831E+2
3.90625E-3	1.63870E+2
3.90625E-3	1.63911E+2
1.95312E-3	1.63951E+2
2.92969E-3	1.63994E+2
1.95312E-3	1.64034E+2
9.76562E-4	1.64072E+2
0.00000E+0	1.64113E+2
1.95312E-3	1.64153E+2
1.95312E-3	1.64193E+2
2.92969E-3	1.64236E+2
9.76562E-4	1.64278E+2
1.95312E-3	1.64318E+2
1.95312E-3	1.64357E+2
1.95312E-3	1.64400E+2
1.95312E-3	1.64443E+2
9.76562E-4	1.64482E+2
3.90625E-3	1.64522E+2
2.92969E-3	1.64562E+2
2.92969E-3	1.64606E+2
9.76562E-4	1.64647E+2
9.76562E-4	1.64689E+2
9.76562E-4	1.64732E+2
9.76562E-4	1.64773E+2
9.76562E-4	1.64814E+2
9.76562E-4	1.64856E+2
1.95312E-3	1.64896E+2
1.95312E-3	1.64936E+2
0.00000E+0	1.64978E+2
3.90625E-3	1.65020E+2
9.76562E-4	1.65062E+2
2.92969E-3	1.65104E+2
1.95312E-3	1.65143E+2
1.95312E-3	1.65184E+2
0.00000E+0	1.65222E+2
9.76562E-4	1.65263E+2
1.95312E-3	1.65305E+2
2.92969E-3	1.65344E+2
1.95312E-3	1.65383E+2
3.90625E-3	1.65426E+2
1.95312E-3	1.65467E+2
9.76562E-4	1.65506E+2
1.95312E-3	1.65548E+2
1.95312E-3	1.65587E+2
1.95312E-3	1.65629E+2
2.92969E-3	1.65669E+2
3.90625E-3	1.65710E+2
1.95312E-3	1.65750E+2
9.76562E-4	1.65790E+2
0.00000E+0	1.65831E+2
2.92969E-3	1.65868E+2
2.92969E-3	1.65910E+2
1.95312E-3	1.65952E+2
3.90625E-3	1.65991E+2
9.76562E-4	1.66033E+2
9.76562E-4	1.66074E+2
9.76562E-4	1.66113E+2
2.92969E-3	1.66153E+2
1.95312E-3	1.66195E+2
1.95312E-3	1.66239E+2
9.76562E-4	1.66279E+2
2.92969E-3	1.66321E+2
1.95312E-3	1.66360E+2
9.76562E-4	1.66399E+2
4.88281E-3	1.66440E+2
4.88281E-3	1.66477E+2
2.92969E-3	1.66517E+2
3.90625E-3	1.66559E+2
1.95312E-3	1.66600E+2
3.90625E-3	1.66639E+2
1.95312E-3	1.66678E+2
2.92969E-3	1.66719E+2
2.92969E-3	1.66757E+2
9.76562E-4	1.66797E+2
9.76562E-4	1.66836E+2
9.76562E-4	1.66880E+2
9.76562E-4	1.66922E+2
9.76562E-4	1.66965E+2
2.92969E-3	1.67008E+2
9.76562E-4	1.67049E+2
2.92969E-3	1.67087E+2
1.95312E-3	1.67126E+2
2.92969E-3	1.67171E+2
1.95312E-3	1.67208E+2
9.76562E-4	1.67247E+2
9.76562E-4	1.67289E+2
9.76562E-4	1.67329E+2
1.95312E-3	1.67369E+2
1.95312E-3	1.67408E+2
1.95312E-3	1.67447E+2
2.92969E-3	1.67487E+2
1.95312E-3	1.67525E+2
1.95312E-3	1.67565E+2
1.95312E-3	1.67608E+2
9.76562E-4	1.67648E+2
3.90625E-3	1.67688E+2
2.92969E-3	1.67727E+2
1.95312E-3	1.67765E+2
2.92969E-3	1.67803E+2
0.00000E+0	1.67840E+2
2.92969E-3	1.67879E+2
2.92969E-3	1.67921E+2
0.00000E+0	1.67960E+2
9.76562E-4	1.68001E+2
2.92969E-3	1.68043E+2
2.92969E-3	1.68085E+2
2.92969E-3	1.68126E+2
9.76562E-4	1.68169E+2
1.95312E-3	1.68208E+2
9.76562E-4	1.68248E+2
2.92969E-3	1.68290E+2
3.90625E-3	1.68327E+2
1.95312E-3	1.68366E+2
1.95312E-3	1.68408E+2
9.76562E-4	1.68450E+2
1.95312E-3	1.68491E+2
1.95312E-3	1.68534E+2
9.76562E-4	1.68579E+2
0.00000E+0	1.68620E+2
0.00000E+0	1.68661E+2
0.00000E+0	1.68700E+2
1.95312E-3	1.68741E+2
1.95312E-3	1.68782E+2
2.92969E-3	1.68825E+2
0.00000E+0	1.68865E+2
9.76562E-4	1.68901E+2
9.76562E-4	1.68940E+2
0.00000E+0	1.68984E+2
9.76562E-4	1.69025E+2
9.76562E-4	1.69064E+2
0.00000E+0	1.69105E+2
9.76562E-4	1.69146E+2
1.95312E-3	1.69184E+2
0.00000E+0	1.69223E+2
9.76562E-4	1.69263E+2
9.76562E-4	1.69302E+2
9.76562E-4	1.69341E+2
0.00000E+0	1.69381E+2
9.76562E-4	1.69419E+2
9.76562E-4	1.69459E+2
0.00000E+0	1.69500E+2
9.76562E-4	1.69540E+2
9.76562E-4	1.69581E+2
0.00000E+0	1.69618E+2
0.00000E+0	1.69656E+2
0.00000E+0	1.69695E+2
1.95312E-3	1.69737E+2
9.76562E-4	1.69779E+2
1.95312E-3	1.69820E+2
1.95312E-3	1.69861E+2
9.76562E-4	1.69904E+2
0.00000E+0	1.69945E+2
1.95312E-3	1.69985E+2
1.95312E-3	1.70026E+2
0.00000E+0	1.70066E+2
9.76562E-4	1.70105E+2
9.76562E-4	1.70147E+2
0.00000E+0	1.70189E+2
0.00000E+0	1.70229E+2
9.76562E-4	1.70269E+2
9.76562E-4	1.70311E+2
9.76562E-4	1.70349E+2
1.95312E-3	1.70388E+2
9.76562E-4	1.70428E+2
9.76562E-4	1.70468E+2
0.00000E+0	1.70506E+2
9.76562E-4	1.70548E+2
2.92969E-3	1.70588E+2
0.00000E+0	1.70628E+2
0.00000E+0	1.70670E+2
0.00000E+0	1.70707E+2
9.76562E-4	1.70745E+2
1.95312E-3	1.70788E+2
1.95312E-3	1.70826E+2
1.95312E-3	1.70867E+2
9.76562E-4	1.70911E+2
0.00000E+0	1.70951E+2
1.95312E-3	1.70989E+2
0.00000E+0	1.71028E+2
0.00000E+0	1.71068E+2
9.76562E-4	1.71107E+2
0.00000E+0	1.71147E+2
9.76562E-4	1.71187E+2
1.95312E-3	1.71228E+2
0.00000E+0	1.71266E+2
1.95312E-3	1.71304E+2
0.00000E+0	1.71345E+2
0.00000E+0	1.71384E+2
0.00000E+0	1.71424E+2
9.76562E-4	1.71464E+2
1.95312E-3	1.71503E+2
2.92969E-3	1.71542E+2
1.95312E-3	1.71583E+2
0.00000E+0	1.71623E+2
9.76562E-4	1.71664E+2
1.95312E-3	1.71708E+2
0.00000E+0	1.71749E+2
0.00000E+0	1.71790E+2
1.95312E-3	1.71833E+2
1.95312E-3	1.71874E+2
9.76562E-4	1.71916E+2
9.76562E-4	1.71957E+2
0.00000E+0	1.71999E+2
9.76562E-4	1.72041E+2
2.92969E-3	1.72082E+2
9.76562E-4	1.72126E+2
9.76562E-4	1.72165E+2
1.95312E-3	1.72208E+2
1.95312E-3	1.72248E+2
1.95312E-3	1.72289E+2
9.76562E-4	1.72332E+2
9.76562E-4	1.72374E+2
9.76562E-4	1.72415E+2
1.95312E-3	1.72455E+2
9.76562E-4	1.72494E+2
9.76562E-4	1.72533E+2
9.76562E-4	1.72577E+2
1.95312E-3	1.72619E+2
2.92969E-3	1.72660E+2
2.92969E-3	1.72699E+2
1.95312E-3	1.72740E+2
1.95312E-3	1.72780E+2
0.00000E+0	1.72822E+2
1.95312E-3	1.72861E+2
0.00000E+0	1.72902E+2
2.92969E-3	1.72939E+2
9.76562E-4	1.72980E+2
1.95312E-3	1.73020E+2
1.95312E-3	1.73060E+2
3.90625E-3	1.73102E+2
1.95312E-3	1.73143E+2
9.76562E-4	1.73183E+2
