1.17187E-2	1.89118E+0
0.00000E+0	1.95939E+0
0.00000E+0	2.02823E+0
0.00000E+0	2.09522E+0
0.00000E+0	2.15718E+0
0.00000E+0	2.22648E+0
0.00000E+0	2.29638E+0
0.00000E+0	2.37020E+0
0.00000E+0	2.43613E+0
0.00000E+0	2.50013E+0
0.00000E+0	2.56818E+0
0.00000E+0	2.63714E+0
0.00000E+0	2.70433E+0
0.00000E+0	2.77243E+0
0.00000E+0	2.84743E+0
0.00000E+0	2.91773E+0
0.00000E+0	2.98176E+0
0.00000E+0	3.05860E+0
0.00000E+0	3.13383E+0
0.00000E+0	3.20143E+0
0.00000E+0	3.27430E+0
0.00000E+0	3.35043E+0
0.00000E+0	3.42566E+0
0.00000E+0	3.49991E+0
0.00000E+0	3.57240E+0
0.00000E+0	3.65092E+0
0.00000E+0	3.73093E+0
0.00000E+0	3.80688E+0
0.00000E+0	3.88371E+0
0.00000E+0	3.95199E+0
0.00000E+0	4.02244E+0
0.00000E+0	4.09015E+0
0.00000E+0	4.15804E+0
0.00000E+0	4.22743E+0
0.00000E+0	4.30245E+0
0.00000E+0	4.37451E+0
0.00000E+0	4.44727E+0
0.00000E+0	4.52099E+0
0.00000E+0	4.59103E+0
0.00000E+0	4.65698E+0
0.00000E+0	4.72695E+0
0.00000E+0	4.80295E+0
0.00000E+0	4.88042E+0
0.00000E+0	4.95834E+0
0.00000E+0	5.03283E+0
0.00000E+0	5.10587E+0
0.00000E+0	5.17636E+0
0.00000E+0	5.24944E+0
0.00000E+0	5.32621E+0
0.00000E+0	5.39989E+0
0.00000E+0	5.47295E+0
0.00000E+0	5.54631E+0
0.00000E+0	5.61967E+0
0.00000E+0	5.68932E+0
0.00000E+0	5.76053E+0
0.00000E+0	5.83390E+0
0.00000E+0	5.91055E+0
0.00000E+0	5.98147E+0
0.00000E+0	6.05509E+0
0.00000E+0	6.12885E+0
0.00000E+0	6.20429E+0
0.00000E+0	6.27038E+0
0.00000E+0	6.34818E+0
0.00000E+0	6.42536E+0
0.00000E+0	6.49157E+0
0.00000E+0	6.56337E+0
0.00000E+0	6.64029E+0
0.00000E+0	6.71454E+0
0.00000E+0	6.78622E+0
0.00000E+0	6.86144E+0
0.00000E+0	6.93787E+0
0.00000E+0	7.01286E+0
0.00000E+0	7.08103E+0
0.00000E+0	7.15585E+0
0.00000E+0	7.22976E+0
0.00000E+0	7.29636E+0
0.00000E+0	7.36741E+0
0.00000E+0	7.44529E+0
0.00000E+0	7.51866E+0
0.00000E+0	7.59213E+0
0.00000E+0	7.66664E+0
0.00000E+0	7.73867E+0
0.00000E+0	7.80765E+0
0.00000E+0	7.88493E+0
0.00000E+0	7.96286E+0
0.00000E+0	8.03440E+0
9.76562E-4	8.10824E+0
0.00000E+0	8.18656E+0
4.88281E-4	8.25873E+0
4.88281E-4	8.33097E+0
9.76562E-4	8.39758E+0
0.00000E+0	8.46844E+0
4.88281E-4	8.54181E+0
9.76562E-4	8.61182E+0
3.41797E-3	8.68854E+0
9.76562E-4	8.76128E+0
9.76562E-4	8.83629E+0
9.76562E-4	8.91323E+0
1.46484E-3	8.98879E+0
9.76562E-4	9.06431E+0
1.95312E-3	9.13445E+0
1.95312E-3	9.21021E+0
1.46484E-3	9.27984E+0
9.76562E-4	9.34994E+0
1.46484E-3	9.42571E+0
1.95312E-3	9.49143E+0
2.92969E-3	9.56215E+0
1.95312E-3	9.63377E+0
1.95312E-3	9.70469E+0
2.44141E-3	9.77278E+0
2.92969E-3	9.84577E+0
2.44141E-3	9.92386E+0
2.44141E-3	1.00006E+1
3.41797E-3	1.00764E+1
2.92969E-3	1.01535E+1
2.92969E-3	1.02306E+1
3.41797E-3	1.03067E+1
2.44141E-3	1.03782E+1
3.41797E-3	1.04513E+1
2.92969E-3	1.05255E+1
2.44141E-3	1.05923E+1
4.39453E-3	1.06541E+1
2.92969E-3	1.07191E+1
3.41797E-3	1.07877E+1
4.88281E-3	1.08567E+1
3.90625E-3	1.09303E+1
2.44141E-3	1.10061E+1
1.95312E-3	1.10780E+1
2.44141E-3	1.11467E+1
2.92969E-3	1.12244E+1
3.41797E-3	1.12989E+1
3.90625E-3	1.13734E+1
3.90625E-3	1.14522E+1
3.41797E-3	1.15257E+1
3.41797E-3	1.16015E+1
2.44141E-3	1.16704E+1
3.41797E-3	1.17354E+1
4.39453E-3	1.18090E+1
4.88281E-3	1.18742E+1
2.44141E-3	1.19473E+1
2.92969E-3	1.20234E+1
2.44141E-3	1.20981E+1
2.44141E-3	1.21688E+1
3.41797E-3	1.22464E+1
2.44141E-3	1.23225E+1
4.39453E-3	1.23958E+1
1.95312E-3	1.24725E+1
2.44141E-3	1.25473E+1
2.92969E-3	1.26221E+1
2.44141E-3	1.26897E+1
2.92969E-3	1.27555E+1
1.95312E-3	1.28210E+1
2.44141E-3	1.28919E+1
9.76562E-4	1.29659E+1
1.46484E-3	1.30446E+1
2.44141E-3	1.31132E+1
9.76562E-4	1.31828E+1
9.76562E-4	1.32574E+1
1.46484E-3	1.33311E+1
1.46484E-3	1.34027E+1
0.00000E+0	1.34793E+1
9.76562E-4	1.35511E+1
4.88281E-4	1.36206E+1
9.76562E-4	1.36967E+1
4.88281E-4	1.37744E+1
4.88281E-4	1.38414E+1
4.88281E-4	1.39132E+1
0.00000E+0	1.39863E+1
0.00000E+0	1.40657E+1
4.88281E-4	1.41422E+1
4.88281E-4	1.42114E+1
9.76562E-4	1.42892E+1
0.00000E+0	1.43624E+1
0.00000E+0	1.44354E+1
0.00000E+0	1.45153E+1
0.00000E+0	1.45874E+1
0.00000E+0	1.46587E+1
0.00000E+0	1.47294E+1
0.00000E+0	1.48035E+1
0.00000E+0	1.48777E+1
0.00000E+0	1.49424E+1
0.00000E+0	1.50095E+1
0.00000E+0	1.50851E+1
0.00000E+0	1.51604E+1
0.00000E+0	1.52354E+1
0.00000E+0	1.53073E+1
0.00000E+0	1.53770E+1
0.00000E+0	1.54462E+1
0.00000E+0	1.55186E+1
0.00000E+0	1.55914E+1
0.00000E+0	1.56625E+1
0.00000E+0	1.57336E+1
0.00000E+0	1.58084E+1
0.00000E+0	1.58883E+1
0.00000E+0	1.59581E+1
0.00000E+0	1.60271E+1
0.00000E+0	1.60957E+1
0.00000E+0	1.61683E+1
0.00000E+0	1.62463E+1
0.00000E+0	1.63245E+1
0.00000E+0	1.63995E+1
0.00000E+0	1.64705E+1
0.00000E+0	1.65441E+1
0.00000E+0	1.66204E+1
0.00000E+0	1.66904E+1
0.00000E+0	1.67588E+1
0.00000E+0	1.68314E+1
0.00000E+0	1.69069E+1
0.00000E+0	1.69732E+1
0.00000E+0	1.70474E+1
0.00000E+0	1.71163E+1
0.00000E+0	1.71861E+1
0.00000E+0	1.72598E+1
0.00000E+0	1.73339E+1
0.00000E+0	1.74113E+1
0.00000E+0	1.74830E+1
0.00000E+0	1.75606E+1
0.00000E+0	1.76327E+1
0.00000E+0	1.77021E+1
0.00000E+0	1.77764E+1
0.00000E+0	1.78541E+1
0.00000E+0	1.79289E+1
0.00000E+0	1.79975E+1
0.00000E+0	1.80706E+1
0.00000E+0	1.81473E+1
0.00000E+0	1.82109E+1
0.00000E+0	1.82822E+1
0.00000E+0	1.83563E+1
0.00000E+0	1.84299E+1
0.00000E+0	1.85047E+1
0.00000E+0	1.85835E+1
0.00000E+0	1.86561E+1
0.00000E+0	1.87318E+1
0.00000E+0	1.88063E+1
0.00000E+0	1.88750E+1
0.00000E+0	1.89408E+1
0.00000E+0	1.90028E+1
0.00000E+0	1.90671E+1
0.00000E+0	1.91361E+1
0.00000E+0	1.92034E+1
0.00000E+0	1.92724E+1
0.00000E+0	1.93426E+1
0.00000E+0	1.94127E+1
0.00000E+0	1.94794E+1
0.00000E+0	1.95509E+1
0.00000E+0	1.96246E+1
0.00000E+0	1.96977E+1
0.00000E+0	1.97658E+1
0.00000E+0	1.98376E+1
0.00000E+0	1.99127E+1
0.00000E+0	1.99837E+1
0.00000E+0	2.00577E+1
0.00000E+0	2.01353E+1
0.00000E+0	2.02087E+1
0.00000E+0	2.02824E+1
0.00000E+0	2.03515E+1
0.00000E+0	2.04188E+1
0.00000E+0	2.04925E+1
0.00000E+0	2.05655E+1
0.00000E+0	2.06386E+1
0.00000E+0	2.07093E+1
0.00000E+0	2.07760E+1
0.00000E+0	2.08515E+1
0.00000E+0	2.09267E+1
0.00000E+0	2.09980E+1
0.00000E+0	2.10696E+1
0.00000E+0	2.11464E+1
0.00000E+0	2.12219E+1
0.00000E+0	2.12920E+1
0.00000E+0	2.13664E+1
0.00000E+0	2.14396E+1
0.00000E+0	2.15058E+1
0.00000E+0	2.15796E+1
0.00000E+0	2.16594E+1
0.00000E+0	2.17330E+1
0.00000E+0	2.18034E+1
0.00000E+0	2.18764E+1
0.00000E+0	2.19524E+1
0.00000E+0	2.20240E+1
0.00000E+0	2.20977E+1
0.00000E+0	2.21714E+1
0.00000E+0	2.22444E+1
0.00000E+0	2.23139E+1
0.00000E+0	2.23827E+1
0.00000E+0	2.24579E+1
0.00000E+0	2.25249E+1
0.00000E+0	2.25940E+1
0.00000E+0	2.26686E+1
0.00000E+0	2.27395E+1
0.00000E+0	2.28077E+1
0.00000E+0	2.28843E+1
0.00000E+0	2.29594E+1
0.00000E+0	2.30295E+1
0.00000E+0	2.31044E+1
0.00000E+0	2.31775E+1
0.00000E+0	2.32492E+1
0.00000E+0	2.33159E+1
0.00000E+0	2.33909E+1
0.00000E+0	2.34623E+1
0.00000E+0	2.35364E+1
0.00000E+0	2.36105E+1
0.00000E+0	2.36768E+1
4.88281E-4	2.37478E+1
4.88281E-4	2.38185E+1
4.88281E-4	2.38927E+1
4.88281E-4	2.39677E+1
2.44141E-3	2.40409E+1
9.76562E-4	2.41140E+1
3.90625E-3	2.41886E+1
1.95312E-3	2.42615E+1
2.44141E-3	2.43298E+1
2.44141E-3	2.44038E+1
9.76562E-4	2.44767E+1
2.44141E-3	2.45487E+1
2.44141E-3	2.46197E+1
2.92969E-3	2.46901E+1
3.41797E-3	2.47557E+1
3.90625E-3	2.48242E+1
4.39453E-3	2.49033E+1
4.39453E-3	2.49785E+1
6.34766E-3	2.50542E+1
4.88281E-3	2.51227E+1
6.34766E-3	2.51964E+1
6.34766E-3	2.52721E+1
6.83594E-3	2.53431E+1
6.83594E-3	2.54190E+1
9.76562E-3	2.54919E+1
9.27734E-3	2.55649E+1
9.76562E-3	2.56382E+1
9.76562E-3	2.57152E+1
9.76562E-3	2.57889E+1
1.07422E-2	2.58540E+1
1.07422E-2	2.59274E+1
1.07422E-2	2.60060E+1
1.31836E-2	2.60822E+1
1.17187E-2	2.61548E+1
1.46484E-2	2.62322E+1
1.31836E-2	2.63022E+1
1.51367E-2	2.63750E+1
1.36719E-2	2.64530E+1
1.51367E-2	2.65255E+1
1.46484E-2	2.66000E+1
1.51367E-2	2.66760E+1
1.51367E-2	2.67500E+1
1.56250E-2	2.68242E+1
1.66016E-2	2.68940E+1
1.66016E-2	2.69602E+1
1.61133E-2	2.70334E+1
1.66016E-2	2.71054E+1
1.61133E-2	2.71774E+1
1.80664E-2	2.72433E+1
1.70898E-2	2.73083E+1
1.95312E-2	2.73780E+1
1.75781E-2	2.74454E+1
1.95312E-2	2.75184E+1
1.95312E-2	2.75923E+1
1.95312E-2	2.76646E+1
1.95312E-2	2.77359E+1
2.00195E-2	2.78106E+1
2.09961E-2	2.78813E+1
2.09961E-2	2.79562E+1
2.05078E-2	2.80235E+1
2.19727E-2	2.80928E+1
2.14844E-2	2.81601E+1
2.24609E-2	2.82319E+1
2.29492E-2	2.83025E+1
2.39258E-2	2.83715E+1
2.34375E-2	2.84392E+1
2.44141E-2	2.85119E+1
2.34375E-2	2.85810E+1
2.44141E-2	2.86519E+1
2.39258E-2	2.87194E+1
2.44141E-2	2.87977E+1
2.44141E-2	2.88707E+1
2.44141E-2	2.89452E+1
2.53906E-2	2.90186E+1
2.44141E-2	2.90895E+1
2.49023E-2	2.91586E+1
2.49023E-2	2.92297E+1
2.53906E-2	2.93066E+1
2.58789E-2	2.93778E+1
2.49023E-2	2.94493E+1
2.58789E-2	2.95253E+1
2.53906E-2	2.95980E+1
2.49023E-2	2.96686E+1
2.44141E-2	2.97402E+1
2.49023E-2	2.98153E+1
2.63672E-2	2.98859E+1
2.53906E-2	2.99630E+1
2.53906E-2	3.00383E+1
2.49023E-2	3.01118E+1
2.53906E-2	3.01798E+1
2.58789E-2	3.02521E+1
2.49023E-2	3.03290E+1
2.44141E-2	3.04025E+1
2.44141E-2	3.04772E+1
2.53906E-2	3.05528E+1
2.44141E-2	3.06224E+1
2.49023E-2	3.06951E+1
2.44141E-2	3.07681E+1
2.49023E-2	3.08414E+1
2.49023E-2	3.09127E+1
2.49023E-2	3.09839E+1
2.34375E-2	3.10600E+1
2.39258E-2	3.11372E+1
2.29492E-2	3.12131E+1
2.34375E-2	3.12801E+1
2.29492E-2	3.13512E+1
2.39258E-2	3.14259E+1
2.24609E-2	3.15013E+1
2.34375E-2	3.15763E+1
2.34375E-2	3.16561E+1
2.14844E-2	3.17301E+1
2.00195E-2	3.18042E+1
2.09961E-2	3.18768E+1
2.09961E-2	3.19445E+1
1.95312E-2	3.20224E+1
2.00195E-2	3.20989E+1
1.95312E-2	3.21727E+1
1.95312E-2	3.22432E+1
2.00195E-2	3.23146E+1
1.95312E-2	3.23816E+1
1.95312E-2	3.24536E+1
1.90430E-2	3.25257E+1
1.85547E-2	3.25973E+1
1.85547E-2	3.26742E+1
1.80664E-2	3.27477E+1
2.00195E-2	3.28160E+1
1.75781E-2	3.28903E+1
1.80664E-2	3.29605E+1
1.70898E-2	3.30318E+1
1.61133E-2	3.31024E+1
1.51367E-2	3.31765E+1
1.61133E-2	3.32463E+1
1.41602E-2	3.33206E+1
1.51367E-2	3.33972E+1
1.41602E-2	3.34679E+1
1.46484E-2	3.35367E+1
1.26953E-2	3.36110E+1
1.22070E-2	3.36821E+1
1.02539E-2	3.37555E+1
9.76562E-3	3.38255E+1
1.07422E-2	3.38965E+1
9.76562E-3	3.39709E+1
8.30078E-3	3.40431E+1
6.83594E-3	3.41201E+1
5.37109E-3	3.41972E+1
5.37109E-3	3.42749E+1
5.37109E-3	3.43541E+1
5.37109E-3	3.44306E+1
2.44141E-3	3.44996E+1
2.92969E-3	3.45648E+1
2.44141E-3	3.46375E+1
2.44141E-3	3.47134E+1
0.00000E+0	3.47833E+1
1.46484E-3	3.48566E+1
9.76562E-4	3.49298E+1
0.00000E+0	3.50018E+1
0.00000E+0	3.50759E+1
0.00000E+0	3.51476E+1
0.00000E+0	3.52204E+1
4.88281E-4	3.52969E+1
0.00000E+0	3.53747E+1
0.00000E+0	3.54480E+1
0.00000E+0	3.55147E+1
0.00000E+0	3.55798E+1
0.00000E+0	3.56450E+1
0.00000E+0	3.57138E+1
0.00000E+0	3.57837E+1
0.00000E+0	3.58597E+1
0.00000E+0	3.59330E+1
0.00000E+0	3.60045E+1
0.00000E+0	3.60755E+1
0.00000E+0	3.61522E+1
0.00000E+0	3.62261E+1
0.00000E+0	3.62955E+1
0.00000E+0	3.63690E+1
0.00000E+0	3.64452E+1
0.00000E+0	3.65165E+1
0.00000E+0	3.65896E+1
0.00000E+0	3.66630E+1
0.00000E+0	3.67289E+1
0.00000E+0	3.68023E+1
0.00000E+0	3.68757E+1
0.00000E+0	3.69482E+1
0.00000E+0	3.70200E+1
0.00000E+0	3.70853E+1
0.00000E+0	3.71572E+1
0.00000E+0	3.72329E+1
0.00000E+0	3.73019E+1
0.00000E+0	3.73745E+1
0.00000E+0	3.74471E+1
0.00000E+0	3.75222E+1
0.00000E+0	3.75961E+1
4.88281E-4	3.76718E+1
0.00000E+0	3.77450E+1
4.88281E-4	3.78158E+1
4.88281E-4	3.78854E+1
1.95312E-3	3.79614E+1
1.95312E-3	3.80380E+1
2.92969E-3	3.81131E+1
2.92969E-3	3.81911E+1
4.88281E-3	3.82670E+1
4.88281E-3	3.83350E+1
6.83594E-3	3.84078E+1
6.34766E-3	3.84819E+1
9.27734E-3	3.85499E+1
1.02539E-2	3.86204E+1
1.07422E-2	3.86916E+1
1.41602E-2	3.87636E+1
1.51367E-2	3.88342E+1
1.51367E-2	3.88999E+1
1.85547E-2	3.89703E+1
1.85547E-2	3.90433E+1
2.44141E-2	3.91173E+1
2.09961E-2	3.91975E+1
2.68555E-2	3.92717E+1
2.44141E-2	3.93457E+1
2.83203E-2	3.94222E+1
2.83203E-2	3.94968E+1
3.07617E-2	3.95740E+1
2.97852E-2	3.96429E+1
2.97852E-2	3.97165E+1
3.80859E-2	3.97947E+1
3.85742E-2	3.98703E+1
4.10156E-2	3.99362E+1
4.15039E-2	4.00069E+1
3.90625E-2	4.00743E+1
4.58984E-2	4.01474E+1
4.39453E-2	4.02181E+1
4.98047E-2	4.02931E+1
4.88281E-2	4.03656E+1
5.66406E-2	4.04453E+1
5.66406E-2	4.05156E+1
6.00586E-2	4.05873E+1
6.10352E-2	4.06608E+1
6.54297E-2	4.07316E+1
6.88477E-2	4.08070E+1
7.12891E-2	4.08776E+1
7.42187E-2	4.09497E+1
7.61719E-2	4.10230E+1
7.86133E-2	4.10898E+1
8.59375E-2	4.11634E+1
8.59375E-2	4.12355E+1
9.66797E-2	4.13129E+1
9.17969E-2	4.13826E+1
1.03516E-1	4.14555E+1
1.02539E-1	4.15295E+1
1.12793E-1	4.16025E+1
1.12793E-1	4.16763E+1
1.20605E-1	4.17505E+1
1.26465E-1	4.18269E+1
1.32324E-1	4.18967E+1
1.34277E-1	4.19721E+1
1.40137E-1	4.20479E+1
1.40137E-1	4.21139E+1
1.53809E-1	4.21827E+1
1.48926E-1	4.22584E+1
1.65039E-1	4.23347E+1
1.59180E-1	4.24044E+1
1.60156E-1	4.24765E+1
1.66016E-1	4.25493E+1
1.64062E-1	4.26225E+1
1.68945E-1	4.26958E+1
1.94824E-1	4.27721E+1
1.82129E-1	4.28397E+1
2.02148E-1	4.29111E+1
1.96777E-1	4.29852E+1
2.08008E-1	4.30575E+1
2.08496E-1	4.31290E+1
2.11426E-1	4.31966E+1
2.26562E-1	4.32647E+1
2.20215E-1	4.33400E+1
2.35352E-1	4.34073E+1
2.38770E-1	4.34764E+1
2.42676E-1	4.35517E+1
2.60742E-1	4.36235E+1
2.49512E-1	4.36947E+1
2.75391E-1	4.37657E+1
2.60742E-1	4.38297E+1
2.82715E-1	4.38937E+1
2.81738E-1	4.39648E+1
2.88086E-1	4.40330E+1
3.00293E-1	4.41030E+1
3.01270E-1	4.41777E+1
3.12012E-1	4.42462E+1
3.13965E-1	4.43152E+1
3.20312E-1	4.43865E+1
3.34961E-1	4.44570E+1
3.32031E-1	4.45316E+1
3.53027E-1	4.46039E+1
3.42773E-1	4.46742E+1
3.61816E-1	4.47455E+1
3.56445E-1	4.48199E+1
3.71094E-1	4.48935E+1
3.78906E-1	4.49623E+1
3.82812E-1	4.50342E+1
3.93066E-1	4.51080E+1
3.92578E-1	4.51802E+1
4.00879E-1	4.52525E+1
4.09180E-1	4.53267E+1
4.08691E-1	4.53975E+1
4.31641E-1	4.54702E+1
4.18457E-1	4.55426E+1
4.46289E-1	4.56171E+1
4.26270E-1	4.56853E+1
4.50195E-1	4.57576E+1
4.42383E-1	4.58333E+1
4.56543E-1	4.59104E+1
4.59961E-1	4.59802E+1
4.65332E-1	4.60558E+1
4.73633E-1	4.61295E+1
4.70215E-1	4.61980E+1
4.88281E-1	4.62725E+1
4.84863E-1	4.63447E+1
5.01953E-1	4.64178E+1
5.07324E-1	4.64857E+1
5.07324E-1	4.65547E+1
5.18066E-1	4.66268E+1
5.10254E-1	4.66967E+1
5.38086E-1	4.67710E+1
5.20020E-1	4.68424E+1
5.44922E-1	4.69145E+1
5.37598E-1	4.69847E+1
5.50781E-1	4.70585E+1
5.55176E-1	4.71345E+1
5.54687E-1	4.72103E+1
5.73730E-1	4.72775E+1
5.70312E-1	4.73485E+1
5.82031E-1	4.74210E+1
5.83008E-1	4.74883E+1
5.89844E-1	4.75588E+1
6.05469E-1	4.76261E+1
5.95703E-1	4.76999E+1
6.20117E-1	4.77701E+1
6.05957E-1	4.78479E+1
6.39648E-1	4.79239E+1
6.23047E-1	4.79981E+1
6.46973E-1	4.80739E+1
6.42090E-1	4.81469E+1
6.45020E-1	4.82134E+1
6.54785E-1	4.82879E+1
6.52832E-1	4.83638E+1
6.68945E-1	4.84370E+1
6.61621E-1	4.85074E+1
6.76758E-1	4.85780E+1
6.85547E-1	4.86475E+1
6.80176E-1	4.87165E+1
6.96777E-1	4.87933E+1
6.89453E-1	4.88673E+1
7.12402E-1	4.89433E+1
6.92383E-1	4.90151E+1
7.14355E-1	4.90869E+1
7.06055E-1	4.91659E+1
7.20215E-1	4.92398E+1
7.11426E-1	4.93140E+1
7.20703E-1	4.93895E+1
7.26562E-1	4.94636E+1
7.27051E-1	4.95380E+1
7.43164E-1	4.96119E+1
7.41211E-1	4.96842E+1
7.52441E-1	4.97512E+1
7.56348E-1	4.98182E+1
7.58301E-1	4.98893E+1
7.72949E-1	4.99639E+1
7.65137E-1	5.00311E+1
7.82715E-1	5.01033E+1
7.77344E-1	5.01813E+1
7.92969E-1	5.02532E+1
7.90527E-1	5.03246E+1
7.99805E-1	5.03995E+1
8.01270E-1	5.04765E+1
8.04687E-1	5.05498E+1
8.10059E-1	5.06258E+1
8.13965E-1	5.07002E+1
8.18848E-1	5.07702E+1
8.19824E-1	5.08368E+1
8.22754E-1	5.09068E+1
8.25195E-1	5.09803E+1
8.26660E-1	5.10551E+1
8.33984E-1	5.11278E+1
8.31543E-1	5.12040E+1
8.40332E-1	5.12746E+1
8.37891E-1	5.13447E+1
8.45703E-1	5.14182E+1
8.43750E-1	5.14942E+1
8.50586E-1	5.15635E+1
8.51074E-1	5.16368E+1
8.54980E-1	5.17117E+1
8.56934E-1	5.17883E+1
8.60352E-1	5.18635E+1
8.61816E-1	5.19310E+1
8.67676E-1	5.20039E+1
8.68164E-1	5.20695E+1
8.74023E-1	5.21345E+1
8.72559E-1	5.22005E+1
8.81836E-1	5.22736E+1
8.79395E-1	5.23451E+1
8.86230E-1	5.24182E+1
8.83789E-1	5.24937E+1
8.89160E-1	5.25666E+1
8.88672E-1	5.26439E+1
8.91602E-1	5.27159E+1
8.93066E-1	5.27891E+1
8.92090E-1	5.28556E+1
8.95508E-1	5.29293E+1
8.95996E-1	5.30011E+1
8.96973E-1	5.30721E+1
8.97461E-1	5.31471E+1
8.97949E-1	5.32220E+1
8.98926E-1	5.32955E+1
8.99902E-1	5.33663E+1
9.02344E-1	5.34427E+1
9.02832E-1	5.35171E+1
9.03809E-1	5.35874E+1
9.03809E-1	5.36567E+1
9.05273E-1	5.37335E+1
9.03809E-1	5.38095E+1
9.06738E-1	5.38800E+1
9.05762E-1	5.39570E+1
9.08691E-1	5.40360E+1
9.06738E-1	5.41019E+1
9.08691E-1	5.41671E+1
9.08203E-1	5.42441E+1
9.09180E-1	5.43145E+1
9.08691E-1	5.43894E+1
9.09180E-1	5.44643E+1
9.09180E-1	5.45375E+1
9.09180E-1	5.46080E+1
9.11133E-1	5.46814E+1
9.09180E-1	5.47574E+1
9.09180E-1	5.48315E+1
9.08691E-1	5.49017E+1
9.08203E-1	5.49756E+1
9.06250E-1	5.50481E+1
9.05762E-1	5.51178E+1
9.03809E-1	5.51844E+1
9.04297E-1	5.52574E+1
9.00879E-1	5.53316E+1
8.98926E-1	5.54060E+1
8.98926E-1	5.54776E+1
8.97949E-1	5.55474E+1
8.94531E-1	5.56180E+1
8.94531E-1	5.56809E+1
8.91113E-1	5.57520E+1
8.91602E-1	5.58255E+1
8.88184E-1	5.59008E+1
8.88672E-1	5.59720E+1
8.83301E-1	5.60454E+1
8.84766E-1	5.61202E+1
8.81836E-1	5.61900E+1
8.78418E-1	5.62614E+1
8.75000E-1	5.63299E+1
8.70605E-1	5.64021E+1
8.66211E-1	5.64740E+1
8.65723E-1	5.65480E+1
8.61328E-1	5.66172E+1
8.61328E-1	5.66955E+1
8.51562E-1	5.67682E+1
8.58398E-1	5.68435E+1
8.49609E-1	5.69169E+1
8.52051E-1	5.69959E+1
8.41309E-1	5.70677E+1
8.38867E-1	5.71389E+1
8.37891E-1	5.72104E+1
8.35937E-1	5.72873E+1
8.28125E-1	5.73588E+1
8.23730E-1	5.74279E+1
8.27148E-1	5.74946E+1
8.23242E-1	5.75720E+1
8.10547E-1	5.76433E+1
8.12988E-1	5.77162E+1
7.96387E-1	5.77910E+1
8.07129E-1	5.78622E+1
7.96387E-1	5.79278E+1
7.89551E-1	5.80051E+1
7.84668E-1	5.80784E+1
7.77344E-1	5.81546E+1
7.88086E-1	5.82306E+1
7.72949E-1	5.83064E+1
7.71973E-1	5.83813E+1
7.69043E-1	5.84512E+1
7.60254E-1	5.85253E+1
7.71484E-1	5.85975E+1
7.52441E-1	5.86742E+1
7.53418E-1	5.87418E+1
7.41699E-1	5.88144E+1
7.44629E-1	5.88874E+1
7.38281E-1	5.89595E+1
7.44141E-1	5.90341E+1
7.28516E-1	5.91104E+1
7.36816E-1	5.91885E+1
7.24609E-1	5.92649E+1
7.33398E-1	5.93423E+1
7.22168E-1	5.94139E+1
7.12891E-1	5.94885E+1
7.04590E-1	5.95570E+1
7.00195E-1	5.96267E+1
6.99219E-1	5.97025E+1
6.98242E-1	5.97772E+1
6.84082E-1	5.98550E+1
6.86523E-1	5.99349E+1
6.75293E-1	6.00086E+1
6.78711E-1	6.00865E+1
6.60645E-1	6.01605E+1
6.60645E-1	6.02297E+1
6.49414E-1	6.03047E+1
6.42090E-1	6.03727E+1
6.45020E-1	6.04406E+1
6.25977E-1	6.05090E+1
6.20605E-1	6.05779E+1
6.25488E-1	6.06437E+1
6.06445E-1	6.07165E+1
6.27441E-1	6.07908E+1
5.95703E-1	6.08649E+1
6.11328E-1	6.09346E+1
5.90332E-1	6.10097E+1
5.88379E-1	6.10846E+1
5.86426E-1	6.11600E+1
5.80566E-1	6.12312E+1
5.76660E-1	6.13006E+1
5.67871E-1	6.13775E+1
5.65430E-1	6.14502E+1
5.63965E-1	6.15219E+1
5.78125E-1	6.15913E+1
5.57129E-1	6.16629E+1
5.42969E-1	6.17283E+1
5.43457E-1	6.17992E+1
5.38086E-1	6.18731E+1
5.44434E-1	6.19482E+1
5.17090E-1	6.20186E+1
5.30762E-1	6.20948E+1
5.09766E-1	6.21695E+1
5.18066E-1	6.22376E+1
5.04395E-1	6.23075E+1
5.00488E-1	6.23736E+1
5.04883E-1	6.24396E+1
4.90723E-1	6.25044E+1
4.95605E-1	6.25724E+1
4.76562E-1	6.26454E+1
4.64844E-1	6.27188E+1
4.95117E-1	6.27848E+1
4.53613E-1	6.28487E+1
4.70215E-1	6.29163E+1
4.47266E-1	6.29884E+1
4.45312E-1	6.30612E+1
4.30664E-1	6.31345E+1
4.17969E-1	6.32070E+1
4.23828E-1	6.32843E+1
4.07715E-1	6.33575E+1
4.17969E-1	6.34298E+1
4.04785E-1	6.34988E+1
4.05762E-1	6.35786E+1
3.93555E-1	6.36543E+1
3.83301E-1	6.37273E+1
3.93555E-1	6.37962E+1
3.70605E-1	6.38654E+1
3.80371E-1	6.39333E+1
3.53516E-1	6.40051E+1
3.56934E-1	6.40765E+1
3.40820E-1	6.41506E+1
3.38867E-1	6.42273E+1
3.28125E-1	6.42977E+1
3.22754E-1	6.43705E+1
3.19824E-1	6.44497E+1
3.08594E-1	6.45191E+1
3.17871E-1	6.45910E+1
2.95410E-1	6.46612E+1
2.89062E-1	6.47275E+1
2.92480E-1	6.47979E+1
2.72461E-1	6.48729E+1
2.87598E-1	6.49424E+1
2.61230E-1	6.50104E+1
2.71973E-1	6.50858E+1
2.53906E-1	6.51550E+1
2.54395E-1	6.52278E+1
2.50000E-1	6.52995E+1
2.43164E-1	6.53716E+1
2.48047E-1	6.54449E+1
2.29004E-1	6.55159E+1
2.31934E-1	6.55849E+1
2.28027E-1	6.56540E+1
2.14355E-1	6.57210E+1
2.24121E-1	6.57891E+1
2.02148E-1	6.58549E+1
2.10937E-1	6.59249E+1
1.99219E-1	6.59949E+1
1.91895E-1	6.60603E+1
1.94336E-1	6.61326E+1
1.81641E-1	6.62077E+1
1.84082E-1	6.62800E+1
1.73828E-1	6.63503E+1
1.72363E-1	6.64242E+1
1.68945E-1	6.64952E+1
1.59180E-1	6.65656E+1
1.64551E-1	6.66372E+1
1.49414E-1	6.67106E+1
1.58203E-1	6.67824E+1
1.43066E-1	6.68517E+1
1.47949E-1	6.69263E+1
1.38672E-1	6.69990E+1
1.40137E-1	6.70741E+1
1.33789E-1	6.71360E+1
1.28906E-1	6.72083E+1
1.27441E-1	6.72846E+1
1.20605E-1	6.73554E+1
1.20605E-1	6.74278E+1
1.13770E-1	6.75019E+1
1.08887E-1	6.75692E+1
1.08887E-1	6.76341E+1
1.01562E-1	6.77054E+1
1.03027E-1	6.77778E+1
9.57031E-2	6.78478E+1
9.86328E-2	6.79197E+1
9.17969E-2	6.79977E+1
9.37500E-2	6.80736E+1
8.49609E-2	6.81457E+1
8.74023E-2	6.82147E+1
8.64258E-2	6.82796E+1
7.76367E-2	6.83529E+1
7.81250E-2	6.84286E+1
7.22656E-2	6.85005E+1
7.47070E-2	6.85736E+1
7.12891E-2	6.86435E+1
6.29883E-2	6.87075E+1
6.93359E-2	6.87715E+1
5.81055E-2	6.88399E+1
6.20117E-2	6.89091E+1
5.76172E-2	6.89781E+1
5.51758E-2	6.90515E+1
5.51758E-2	6.91205E+1
5.02930E-2	6.91978E+1
5.17578E-2	6.92699E+1
4.78516E-2	6.93363E+1
4.73633E-2	6.94124E+1
4.54102E-2	6.94864E+1
4.29687E-2	6.95583E+1
4.24805E-2	6.96310E+1
3.85742E-2	6.97064E+1
4.00391E-2	6.97830E+1
3.41797E-2	6.98565E+1
3.80859E-2	6.99337E+1
3.22266E-2	7.00042E+1
3.41797E-2	7.00816E+1
3.02734E-2	7.01518E+1
2.88086E-2	7.02225E+1
2.92969E-2	7.02939E+1
2.63672E-2	7.03667E+1
2.58789E-2	7.04363E+1
2.44141E-2	7.05056E+1
2.53906E-2	7.05812E+1
2.39258E-2	7.06506E+1
2.05078E-2	7.07227E+1
2.44141E-2	7.07956E+1
1.95312E-2	7.08658E+1
1.95312E-2	7.09422E+1
1.95312E-2	7.10180E+1
1.95312E-2	7.10930E+1
1.70898E-2	7.11620E+1
1.70898E-2	7.12372E+1
1.66016E-2	7.13156E+1
1.66016E-2	7.13887E+1
1.51367E-2	7.14572E+1
1.46484E-2	7.15289E+1
1.46484E-2	7.16029E+1
1.46484E-2	7.16749E+1
1.41602E-2	7.17483E+1
1.51367E-2	7.18241E+1
1.31836E-2	7.18958E+1
1.31836E-2	7.19680E+1
1.46484E-2	7.20465E+1
1.31836E-2	7.21226E+1
1.31836E-2	7.21993E+1
1.41602E-2	7.22743E+1
1.46484E-2	7.23503E+1
1.31836E-2	7.24237E+1
1.31836E-2	7.24954E+1
1.36719E-2	7.25621E+1
1.36719E-2	7.26302E+1
1.36719E-2	7.27053E+1
1.36719E-2	7.27787E+1
1.41602E-2	7.28516E+1
1.46484E-2	7.29177E+1
1.41602E-2	7.29859E+1
1.51367E-2	7.30597E+1
1.51367E-2	7.31324E+1
1.56250E-2	7.32003E+1
1.56250E-2	7.32738E+1
1.66016E-2	7.33518E+1
1.41602E-2	7.34259E+1
1.56250E-2	7.35015E+1
1.56250E-2	7.35786E+1
1.61133E-2	7.36466E+1
1.66016E-2	7.37133E+1
1.66016E-2	7.37881E+1
1.80664E-2	7.38628E+1
1.66016E-2	7.39322E+1
1.85547E-2	7.40080E+1
1.80664E-2	7.40814E+1
1.80664E-2	7.41574E+1
1.85547E-2	7.42255E+1
1.66016E-2	7.42988E+1
1.80664E-2	7.43758E+1
1.90430E-2	7.44471E+1
1.90430E-2	7.45220E+1
1.80664E-2	7.46010E+1
1.95312E-2	7.46717E+1
1.95312E-2	7.47374E+1
1.95312E-2	7.48024E+1
2.00195E-2	7.48789E+1
2.00195E-2	7.49519E+1
1.95312E-2	7.50300E+1
2.05078E-2	7.51027E+1
2.05078E-2	7.51787E+1
2.19727E-2	7.52487E+1
2.24609E-2	7.53267E+1
2.39258E-2	7.54036E+1
2.09961E-2	7.54719E+1
2.49023E-2	7.55442E+1
2.29492E-2	7.56132E+1
2.44141E-2	7.56819E+1
2.58789E-2	7.57505E+1
2.63672E-2	7.58231E+1
2.58789E-2	7.58907E+1
2.63672E-2	7.59645E+1
2.88086E-2	7.60423E+1
2.88086E-2	7.61151E+1
2.97852E-2	7.61932E+1
2.97852E-2	7.62658E+1
3.12500E-2	7.63357E+1
3.17383E-2	7.64076E+1
3.22266E-2	7.64793E+1
3.41797E-2	7.65510E+1
3.36914E-2	7.66240E+1
3.61328E-2	7.67023E+1
3.51562E-2	7.67750E+1
3.71094E-2	7.68515E+1
3.80859E-2	7.69183E+1
3.75977E-2	7.69833E+1
3.80859E-2	7.70474E+1
3.90625E-2	7.71155E+1
3.90625E-2	7.71894E+1
3.90625E-2	7.72614E+1
3.90625E-2	7.73361E+1
3.90625E-2	7.74104E+1
3.95508E-2	7.74863E+1
4.00391E-2	7.75624E+1
3.95508E-2	7.76401E+1
4.10156E-2	7.77160E+1
3.95508E-2	7.77836E+1
4.10156E-2	7.78529E+1
4.10156E-2	7.79287E+1
4.15039E-2	7.79997E+1
4.15039E-2	7.80658E+1
4.10156E-2	7.81391E+1
4.19922E-2	7.82163E+1
4.29687E-2	7.82866E+1
4.05273E-2	7.83650E+1
4.19922E-2	7.84431E+1
4.29687E-2	7.85145E+1
4.29687E-2	7.85885E+1
4.29687E-2	7.86593E+1
4.34570E-2	7.87326E+1
4.34570E-2	7.88092E+1
4.39453E-2	7.88847E+1
4.34570E-2	7.89592E+1
4.29687E-2	7.90339E+1
4.34570E-2	7.91014E+1
4.39453E-2	7.91753E+1
4.29687E-2	7.92506E+1
4.29687E-2	7.93202E+1
4.39453E-2	7.93962E+1
4.34570E-2	7.94716E+1
4.34570E-2	7.95444E+1
4.34570E-2	7.96184E+1
4.29687E-2	7.96889E+1
4.29687E-2	7.97598E+1
4.29687E-2	7.98378E+1
4.19922E-2	7.99107E+1
4.34570E-2	7.99879E+1
4.29687E-2	8.00649E+1
4.29687E-2	8.01404E+1
4.39453E-2	8.02114E+1
4.19922E-2	8.02804E+1
4.15039E-2	8.03570E+1
4.00391E-2	8.04348E+1
4.29687E-2	8.05080E+1
4.15039E-2	8.05781E+1
4.24805E-2	8.06535E+1
4.15039E-2	8.07272E+1
4.10156E-2	8.08029E+1
4.10156E-2	8.08742E+1
4.00391E-2	8.09480E+1
4.00391E-2	8.10221E+1
3.95508E-2	8.10976E+1
3.95508E-2	8.11767E+1
3.90625E-2	8.12498E+1
3.95508E-2	8.13171E+1
3.90625E-2	8.13850E+1
4.00391E-2	8.14582E+1
3.90625E-2	8.15335E+1
3.90625E-2	8.16038E+1
3.85742E-2	8.16748E+1
3.80859E-2	8.17481E+1
3.75977E-2	8.18194E+1
3.71094E-2	8.18878E+1
3.66211E-2	8.19593E+1
3.61328E-2	8.20319E+1
3.56445E-2	8.21009E+1
3.56445E-2	8.21739E+1
3.51562E-2	8.22485E+1
3.41797E-2	8.23256E+1
3.36914E-2	8.23932E+1
3.36914E-2	8.24658E+1
3.32031E-2	8.25400E+1
3.22266E-2	8.26163E+1
3.02734E-2	8.26944E+1
2.92969E-2	8.27684E+1
2.92969E-2	8.28380E+1
2.88086E-2	8.29089E+1
2.73437E-2	8.29779E+1
2.53906E-2	8.30544E+1
2.39258E-2	8.31266E+1
2.39258E-2	8.32014E+1
2.14844E-2	8.32744E+1
2.24609E-2	8.33486E+1
2.05078E-2	8.34216E+1
1.95312E-2	8.34906E+1
1.95312E-2	8.35618E+1
1.95312E-2	8.36361E+1
1.95312E-2	8.37114E+1
1.66016E-2	8.37909E+1
1.85547E-2	8.38642E+1
1.56250E-2	8.39368E+1
1.75781E-2	8.40087E+1
1.51367E-2	8.40827E+1
1.51367E-2	8.41579E+1
1.41602E-2	8.42382E+1
1.07422E-2	8.43162E+1
1.22070E-2	8.43917E+1
1.07422E-2	8.44633E+1
1.17187E-2	8.45336E+1
9.27734E-3	8.46003E+1
9.76562E-3	8.46710E+1
9.76562E-3	8.47376E+1
8.30078E-3	8.48080E+1
8.30078E-3	8.48820E+1
6.83594E-3	8.49538E+1
6.83594E-3	8.50276E+1
5.37109E-3	8.51001E+1
5.85937E-3	8.51661E+1
6.34766E-3	8.52310E+1
4.39453E-3	8.52940E+1
4.88281E-3	8.53604E+1
1.95312E-3	8.54285E+1
4.88281E-3	8.55013E+1
1.95312E-3	8.55682E+1
2.44141E-3	8.56311E+1
1.95312E-3	8.56998E+1
4.88281E-4	8.57739E+1
1.95312E-3	8.58428E+1
4.88281E-4	8.59135E+1
0.00000E+0	8.59873E+1
4.88281E-4	8.60656E+1
0.00000E+0	8.61425E+1
4.88281E-4	8.62127E+1
0.00000E+0	8.62875E+1
0.00000E+0	8.63597E+1
0.00000E+0	8.64315E+1
0.00000E+0	8.65075E+1
0.00000E+0	8.65834E+1
0.00000E+0	8.66593E+1
0.00000E+0	8.67248E+1
0.00000E+0	8.67934E+1
0.00000E+0	8.68670E+1
0.00000E+0	8.69390E+1
0.00000E+0	8.70106E+1
0.00000E+0	8.70842E+1
0.00000E+0	8.71582E+1
0.00000E+0	8.72298E+1
0.00000E+0	8.72967E+1
0.00000E+0	8.73735E+1
0.00000E+0	8.74442E+1
0.00000E+0	8.75175E+1
0.00000E+0	8.75896E+1
0.00000E+0	8.76611E+1
0.00000E+0	8.77330E+1
0.00000E+0	8.78022E+1
0.00000E+0	8.78734E+1
0.00000E+0	8.79484E+1
0.00000E+0	8.80160E+1
0.00000E+0	8.80893E+1
0.00000E+0	8.81659E+1
0.00000E+0	8.82337E+1
0.00000E+0	8.83011E+1
0.00000E+0	8.83760E+1
0.00000E+0	8.84443E+1
0.00000E+0	8.85181E+1
0.00000E+0	8.85890E+1
0.00000E+0	8.86669E+1
0.00000E+0	8.87368E+1
0.00000E+0	8.88042E+1
0.00000E+0	8.88747E+1
0.00000E+0	8.89414E+1
0.00000E+0	8.90157E+1
0.00000E+0	8.90934E+1
0.00000E+0	8.91678E+1
0.00000E+0	8.92375E+1
0.00000E+0	8.93109E+1
0.00000E+0	8.93851E+1
0.00000E+0	8.94586E+1
0.00000E+0	8.95270E+1
0.00000E+0	8.96012E+1
0.00000E+0	8.96763E+1
0.00000E+0	8.97466E+1
0.00000E+0	8.98191E+1
0.00000E+0	8.98937E+1
0.00000E+0	8.99645E+1
0.00000E+0	9.00310E+1
0.00000E+0	9.01057E+1
0.00000E+0	9.01778E+1
0.00000E+0	9.02523E+1
0.00000E+0	9.03239E+1
0.00000E+0	9.04018E+1
0.00000E+0	9.04772E+1
0.00000E+0	9.05464E+1
0.00000E+0	9.06209E+1
0.00000E+0	9.07001E+1
0.00000E+0	9.07730E+1
0.00000E+0	9.08400E+1
0.00000E+0	9.09121E+1
0.00000E+0	9.09868E+1
0.00000E+0	9.10518E+1
0.00000E+0	9.11227E+1
0.00000E+0	9.11960E+1
0.00000E+0	9.12647E+1
0.00000E+0	9.13390E+1
0.00000E+0	9.14127E+1
0.00000E+0	9.14884E+1
0.00000E+0	9.15661E+1
0.00000E+0	9.16394E+1
0.00000E+0	9.17143E+1
0.00000E+0	9.17865E+1
0.00000E+0	9.18618E+1
0.00000E+0	9.19363E+1
0.00000E+0	9.20057E+1
0.00000E+0	9.20746E+1
0.00000E+0	9.21414E+1
0.00000E+0	9.22129E+1
0.00000E+0	9.22834E+1
0.00000E+0	9.23586E+1
0.00000E+0	9.24338E+1
0.00000E+0	9.25092E+1
0.00000E+0	9.25823E+1
0.00000E+0	9.26527E+1
0.00000E+0	9.27311E+1
0.00000E+0	9.28039E+1
0.00000E+0	9.28817E+1
0.00000E+0	9.29515E+1
0.00000E+0	9.30187E+1
0.00000E+0	9.30923E+1
0.00000E+0	9.31658E+1
0.00000E+0	9.32377E+1
0.00000E+0	9.33060E+1
0.00000E+0	9.33797E+1
0.00000E+0	9.34528E+1
0.00000E+0	9.35187E+1
0.00000E+0	9.35807E+1
0.00000E+0	9.36499E+1
0.00000E+0	9.37214E+1
0.00000E+0	9.37928E+1
0.00000E+0	9.38649E+1
0.00000E+0	9.39414E+1
0.00000E+0	9.40195E+1
0.00000E+0	9.40890E+1
0.00000E+0	9.41663E+1
0.00000E+0	9.42394E+1
0.00000E+0	9.43098E+1
0.00000E+0	9.43774E+1
0.00000E+0	9.44481E+1
0.00000E+0	9.45236E+1
0.00000E+0	9.45975E+1
0.00000E+0	9.46698E+1
9.76562E-4	9.47463E+1
0.00000E+0	9.48176E+1
1.46484E-3	9.48909E+1
2.44141E-3	9.49617E+1
2.92969E-3	9.50348E+1
3.90625E-3	9.51043E+1
3.90625E-3	9.51828E+1
4.88281E-3	9.52565E+1
4.88281E-3	9.53275E+1
6.34766E-3	9.53995E+1
6.34766E-3	9.54685E+1
5.85937E-3	9.55410E+1
6.34766E-3	9.56106E+1
7.32422E-3	9.56789E+1
8.30078E-3	9.57475E+1
8.30078E-3	9.58187E+1
7.32422E-3	9.58860E+1
6.83594E-3	9.59579E+1
8.78906E-3	9.60330E+1
8.78906E-3	9.61058E+1
9.27734E-3	9.61769E+1
9.27734E-3	9.62530E+1
9.76562E-3	9.63280E+1
9.76562E-3	9.64029E+1
9.76562E-3	9.64775E+1
9.76562E-3	9.65465E+1
9.76562E-3	9.66226E+1
9.27734E-3	9.67015E+1
9.76562E-3	9.67768E+1
9.27734E-3	9.68448E+1
9.76562E-3	9.69119E+1
9.27734E-3	9.69910E+1
9.27734E-3	9.70655E+1
9.76562E-3	9.71368E+1
9.27734E-3	9.72073E+1
9.27734E-3	9.72817E+1
9.27734E-3	9.73600E+1
8.78906E-3	9.74304E+1
9.27734E-3	9.74980E+1
8.78906E-3	9.75719E+1
1.02539E-2	9.76368E+1
9.27734E-3	9.77063E+1
9.27734E-3	9.77790E+1
8.78906E-3	9.78547E+1
8.78906E-3	9.79310E+1
9.76562E-3	9.80077E+1
9.76562E-3	9.80839E+1
8.78906E-3	9.81539E+1
8.78906E-3	9.82228E+1
8.30078E-3	9.82964E+1
8.78906E-3	9.83682E+1
6.83594E-3	9.84371E+1
8.30078E-3	9.85060E+1
6.34766E-3	9.85759E+1
7.32422E-3	9.86452E+1
6.83594E-3	9.87119E+1
8.30078E-3	9.87811E+1
7.32422E-3	9.88495E+1
8.30078E-3	9.89148E+1
6.83594E-3	9.89861E+1
6.83594E-3	9.90530E+1
7.32422E-3	9.91208E+1
7.81250E-3	9.91899E+1
8.30078E-3	9.92617E+1
7.32422E-3	9.93386E+1
6.34766E-3	9.94103E+1
5.85937E-3	9.94850E+1
6.34766E-3	9.95575E+1
6.34766E-3	9.96289E+1
7.81250E-3	9.96970E+1
5.85937E-3	9.97650E+1
4.88281E-3	9.98301E+1
7.32422E-3	9.98971E+1
5.85937E-3	9.99650E+1
4.88281E-3	1.00041E+2
6.34766E-3	1.00116E+2
6.34766E-3	1.00187E+2
5.85937E-3	1.00256E+2
4.88281E-3	1.00328E+2
5.85937E-3	1.00400E+2
4.88281E-3	1.00472E+2
4.39453E-3	1.00549E+2
4.88281E-3	1.00623E+2
3.90625E-3	1.00697E+2
3.90625E-3	1.00764E+2
4.88281E-3	1.00836E+2
3.90625E-3	1.00905E+2
4.39453E-3	1.00974E+2
4.39453E-3	1.01045E+2
4.39453E-3	1.01118E+2
3.90625E-3	1.01188E+2
3.41797E-3	1.01259E+2
3.90625E-3	1.01332E+2
4.39453E-3	1.01405E+2
3.41797E-3	1.01478E+2
1.46484E-3	1.01554E+2
2.44141E-3	1.01626E+2
2.92969E-3	1.01699E+2
1.95312E-3	1.01764E+2
1.95312E-3	1.01827E+2
9.76562E-4	1.01892E+2
2.44141E-3	1.01960E+2
1.95312E-3	1.02024E+2
1.95312E-3	1.02097E+2
4.88281E-4	1.02167E+2
1.95312E-3	1.02233E+2
1.46484E-3	1.02302E+2
1.46484E-3	1.02371E+2
9.76562E-4	1.02444E+2
4.88281E-4	1.02517E+2
0.00000E+0	1.02589E+2
0.00000E+0	1.02662E+2
0.00000E+0	1.02736E+2
0.00000E+0	1.02806E+2
0.00000E+0	1.02876E+2
0.00000E+0	1.02946E+2
0.00000E+0	1.03014E+2
0.00000E+0	1.03083E+2
0.00000E+0	1.03158E+2
0.00000E+0	1.03232E+2
0.00000E+0	1.03300E+2
0.00000E+0	1.03376E+2
0.00000E+0	1.03447E+2
0.00000E+0	1.03515E+2
0.00000E+0	1.03586E+2
0.00000E+0	1.03660E+2
0.00000E+0	1.03733E+2
0.00000E+0	1.03808E+2
0.00000E+0	1.03883E+2
0.00000E+0	1.03958E+2
0.00000E+0	1.04034E+2
0.00000E+0	1.04103E+2
0.00000E+0	1.04175E+2
0.00000E+0	1.04247E+2
0.00000E+0	1.04315E+2
0.00000E+0	1.04388E+2
0.00000E+0	1.04459E+2
0.00000E+0	1.04526E+2
0.00000E+0	1.04596E+2
0.00000E+0	1.04673E+2
0.00000E+0	1.04745E+2
0.00000E+0	1.04815E+2
0.00000E+0	1.04887E+2
0.00000E+0	1.04960E+2
0.00000E+0	1.05032E+2
0.00000E+0	1.05101E+2
0.00000E+0	1.05171E+2
0.00000E+0	1.05234E+2
0.00000E+0	1.05305E+2
0.00000E+0	1.05379E+2
0.00000E+0	1.05452E+2
0.00000E+0	1.05520E+2
0.00000E+0	1.05593E+2
0.00000E+0	1.05668E+2
0.00000E+0	1.05735E+2
0.00000E+0	1.05805E+2
