2.53906E-3	1.89907E+0
0.00000E+0	2.22034E+0
0.00000E+0	2.52998E+0
0.00000E+0	2.85402E+0
0.00000E+0	3.18668E+0
0.00000E+0	3.49391E+0
0.00000E+0	3.79831E+0
0.00000E+0	4.08695E+0
0.00000E+0	4.39689E+0
0.00000E+0	4.71179E+0
0.00000E+0	5.02622E+0
0.00000E+0	5.34933E+0
0.00000E+0	5.66305E+0
0.00000E+0	5.96524E+0
0.00000E+0	6.26784E+0
0.00000E+0	6.58737E+0
0.00000E+0	6.89893E+0
0.00000E+0	7.22495E+0
0.00000E+0	7.55377E+0
0.00000E+0	7.86773E+0
0.00000E+0	8.18412E+0
0.00000E+0	8.49688E+0
0.00000E+0	8.81872E+0
0.00000E+0	9.13508E+0
0.00000E+0	9.45731E+0
0.00000E+0	9.77938E+0
0.00000E+0	1.00987E+1
0.00000E+0	1.04247E+1
0.00000E+0	1.07367E+1
0.00000E+0	1.10530E+1
0.00000E+0	1.13659E+1
0.00000E+0	1.16859E+1
0.00000E+0	1.20034E+1
0.00000E+0	1.23046E+1
0.00000E+0	1.26353E+1
0.00000E+0	1.29556E+1
0.00000E+0	1.32739E+1
0.00000E+0	1.35954E+1
0.00000E+0	1.39078E+1
0.00000E+0	1.42186E+1
0.00000E+0	1.45204E+1
0.00000E+0	1.48316E+1
0.00000E+0	1.51643E+1
0.00000E+0	1.54769E+1
0.00000E+0	1.57974E+1
0.00000E+0	1.61128E+1
0.00000E+0	1.64368E+1
0.00000E+0	1.67472E+1
0.00000E+0	1.70736E+1
0.00000E+0	1.73907E+1
0.00000E+0	1.77097E+1
0.00000E+0	1.80340E+1
9.76563E-5	1.83509E+1
0.00000E+0	1.86746E+1
2.92969E-4	1.89948E+1
2.92969E-4	1.93347E+1
7.81250E-4	1.96561E+1
7.81250E-4	1.99591E+1
1.26953E-3	2.02928E+1
6.83594E-4	2.06274E+1
1.36719E-3	2.09310E+1
7.81250E-4	2.12497E+1
1.17187E-3	2.15733E+1
1.17187E-3	2.18956E+1
1.75781E-3	2.22213E+1
2.05078E-3	2.25259E+1
2.34375E-3	2.28354E+1
2.14844E-3	2.31531E+1
3.32031E-3	2.34689E+1
3.32031E-3	2.37845E+1
3.12500E-3	2.40975E+1
4.00391E-3	2.44155E+1
3.80859E-3	2.47346E+1
4.19922E-3	2.50556E+1
4.78516E-3	2.53709E+1
4.68750E-3	2.57047E+1
4.98047E-3	2.60217E+1
4.98047E-3	2.63383E+1
5.27344E-3	2.66595E+1
5.37109E-3	2.69892E+1
5.17578E-3	2.72903E+1
4.88281E-3	2.75992E+1
5.76172E-3	2.79247E+1
5.76172E-3	2.82631E+1
6.34766E-3	2.85681E+1
6.15234E-3	2.88800E+1
6.93359E-3	2.92068E+1
6.73828E-3	2.95205E+1
7.22656E-3	2.98158E+1
7.81250E-3	3.01224E+1
8.78906E-3	3.04572E+1
8.30078E-3	3.07548E+1
9.08203E-3	3.10563E+1
8.59375E-3	3.13552E+1
9.27734E-3	3.16507E+1
8.98437E-3	3.19422E+1
9.76562E-3	3.22322E+1
9.66797E-3	3.25224E+1
9.76562E-3	3.28162E+1
9.76562E-3	3.31162E+1
9.96094E-3	3.34134E+1
9.76562E-3	3.37004E+1
9.86328E-3	3.39947E+1
9.96094E-3	3.42938E+1
1.01563E-2	3.45916E+1
1.03516E-2	3.48897E+1
1.03516E-2	3.51837E+1
1.00586E-2	3.54758E+1
1.05469E-2	3.57760E+1
1.11328E-2	3.60619E+1
1.08398E-2	3.63590E+1
9.86328E-3	3.66552E+1
1.03516E-2	3.69551E+1
1.08398E-2	3.72534E+1
1.16211E-2	3.75511E+1
1.14258E-2	3.78464E+1
1.12305E-2	3.81324E+1
1.14258E-2	3.84286E+1
1.20117E-2	3.87245E+1
1.26953E-2	3.90249E+1
1.28906E-2	3.93109E+1
1.25000E-2	3.96047E+1
1.22070E-2	3.98979E+1
1.25977E-2	4.01989E+1
1.28906E-2	4.04872E+1
1.28906E-2	4.07812E+1
1.27930E-2	4.10758E+1
1.24023E-2	4.13714E+1
1.32812E-2	4.16635E+1
1.27930E-2	4.19628E+1
1.37695E-2	4.22614E+1
1.31836E-2	4.25545E+1
1.35742E-2	4.28514E+1
1.29883E-2	4.31544E+1
1.34766E-2	4.34485E+1
1.32812E-2	4.37495E+1
1.32812E-2	4.40430E+1
1.40625E-2	4.43332E+1
1.34766E-2	4.46265E+1
1.26953E-2	4.49272E+1
1.31836E-2	4.52274E+1
1.36719E-2	4.55222E+1
1.25977E-2	4.58113E+1
1.30859E-2	4.60973E+1
1.20117E-2	4.63938E+1
1.25977E-2	4.66910E+1
1.14258E-2	4.69832E+1
1.21094E-2	4.72799E+1
1.20117E-2	4.75670E+1
1.21094E-2	4.78619E+1
1.14258E-2	4.81625E+1
1.16211E-2	4.84547E+1
1.09375E-2	4.87507E+1
1.05469E-2	4.90450E+1
1.04492E-2	4.93416E+1
1.09375E-2	4.96341E+1
1.08398E-2	4.99261E+1
1.08398E-2	5.02191E+1
9.96094E-3	5.05163E+1
1.01563E-2	5.08198E+1
1.01563E-2	5.11160E+1
9.76562E-3	5.14077E+1
9.47266E-3	5.17065E+1
9.66797E-3	5.20144E+1
9.17969E-3	5.23082E+1
8.88672E-3	5.26065E+1
7.91016E-3	5.29110E+1
7.03125E-3	5.32163E+1
7.42187E-3	5.35127E+1
7.51953E-3	5.38100E+1
5.95703E-3	5.40939E+1
5.56641E-3	5.43859E+1
4.88281E-3	5.46866E+1
5.17578E-3	5.49790E+1
4.39453E-3	5.52713E+1
4.39453E-3	5.55646E+1
3.12500E-3	5.58516E+1
3.41797E-3	5.61466E+1
1.75781E-3	5.64305E+1
2.24609E-3	5.67198E+1
9.76562E-4	5.70131E+1
1.46484E-3	5.73144E+1
1.95313E-4	5.76108E+1
2.92969E-4	5.79051E+1
0.00000E+0	5.82006E+1
0.00000E+0	5.84969E+1
0.00000E+0	5.88010E+1
0.00000E+0	5.90934E+1
0.00000E+0	5.93807E+1
0.00000E+0	5.96675E+1
0.00000E+0	5.99724E+1
0.00000E+0	6.02622E+1
0.00000E+0	6.05676E+1
0.00000E+0	6.08579E+1
0.00000E+0	6.11640E+1
0.00000E+0	6.14574E+1
0.00000E+0	6.17527E+1
0.00000E+0	6.20547E+1
0.00000E+0	6.23540E+1
0.00000E+0	6.26522E+1
0.00000E+0	6.29501E+1
0.00000E+0	6.32532E+1
0.00000E+0	6.35636E+1
0.00000E+0	6.38569E+1
0.00000E+0	6.41450E+1
0.00000E+0	6.44370E+1
0.00000E+0	6.47410E+1
0.00000E+0	6.50323E+1
0.00000E+0	6.53300E+1
0.00000E+0	6.56220E+1
0.00000E+0	6.59216E+1
0.00000E+0	6.62229E+1
0.00000E+0	6.65158E+1
0.00000E+0	6.68162E+1
0.00000E+0	6.71127E+1
0.00000E+0	6.74171E+1
0.00000E+0	6.77118E+1
0.00000E+0	6.80109E+1
0.00000E+0	6.83124E+1
0.00000E+0	6.86113E+1
0.00000E+0	6.89049E+1
0.00000E+0	6.92084E+1
0.00000E+0	6.94972E+1
0.00000E+0	6.97904E+1
0.00000E+0	7.00929E+1
0.00000E+0	7.03940E+1
0.00000E+0	7.06880E+1
0.00000E+0	7.09843E+1
0.00000E+0	7.12868E+1
0.00000E+0	7.15784E+1
0.00000E+0	7.18715E+1
0.00000E+0	7.21672E+1
0.00000E+0	7.24615E+1
0.00000E+0	7.27555E+1
0.00000E+0	7.30431E+1
0.00000E+0	7.33390E+1
0.00000E+0	7.36400E+1
0.00000E+0	7.39343E+1
0.00000E+0	7.42295E+1
0.00000E+0	7.45255E+1
0.00000E+0	7.48135E+1
0.00000E+0	7.51105E+1
0.00000E+0	7.54049E+1
0.00000E+0	7.57016E+1
0.00000E+0	7.59953E+1
0.00000E+0	7.62877E+1
0.00000E+0	7.65825E+1
0.00000E+0	7.68790E+1
0.00000E+0	7.71714E+1
0.00000E+0	7.74628E+1
0.00000E+0	7.77601E+1
0.00000E+0	7.80556E+1
0.00000E+0	7.83512E+1
0.00000E+0	7.86500E+1
0.00000E+0	7.89426E+1
0.00000E+0	7.92410E+1
0.00000E+0	7.95290E+1
0.00000E+0	7.98191E+1
0.00000E+0	8.01150E+1
0.00000E+0	8.04084E+1
0.00000E+0	8.06940E+1
0.00000E+0	8.09868E+1
0.00000E+0	8.12849E+1
0.00000E+0	8.15941E+1
0.00000E+0	8.18885E+1
0.00000E+0	8.21854E+1
0.00000E+0	8.24831E+1
0.00000E+0	8.27787E+1
0.00000E+0	8.30708E+1
0.00000E+0	8.33620E+1
0.00000E+0	8.36568E+1
0.00000E+0	8.39538E+1
0.00000E+0	8.42502E+1
0.00000E+0	8.45603E+1
0.00000E+0	8.48856E+1
0.00000E+0	8.52025E+1
0.00000E+0	8.55201E+1
0.00000E+0	8.58272E+1
0.00000E+0	8.61455E+1
0.00000E+0	8.64618E+1
0.00000E+0	8.67838E+1
0.00000E+0	8.70947E+1
0.00000E+0	8.74027E+1
0.00000E+0	8.77231E+1
0.00000E+0	8.80441E+1
0.00000E+0	8.83514E+1
0.00000E+0	8.86708E+1
0.00000E+0	8.89591E+1
9.76563E-5	8.92784E+1
1.95313E-4	8.95902E+1
1.26953E-3	8.99092E+1
8.78906E-4	9.02345E+1
2.14844E-3	9.05486E+1
2.24609E-3	9.08690E+1
3.41797E-3	9.11916E+1
2.34375E-3	9.15113E+1
3.90625E-3	9.18273E+1
4.29688E-3	9.21356E+1
4.98047E-3	9.24599E+1
5.46875E-3	9.27794E+1
6.25000E-3	9.31063E+1
6.15234E-3	9.34309E+1
7.12891E-3	9.37450E+1
6.73828E-3	9.40651E+1
8.10547E-3	9.43633E+1
8.20313E-3	9.46834E+1
9.76562E-3	9.49893E+1
9.76562E-3	9.53193E+1
1.03516E-2	9.56412E+1
1.01563E-2	9.59467E+1
1.15234E-2	9.62585E+1
1.15234E-2	9.65681E+1
1.39648E-2	9.68906E+1
1.28906E-2	9.71809E+1
1.41602E-2	9.75040E+1
1.42578E-2	9.78303E+1
1.52344E-2	9.81472E+1
1.57227E-2	9.84631E+1
1.75781E-2	9.87827E+1
1.72852E-2	9.91023E+1
1.92383E-2	9.94093E+1
1.93359E-2	9.97278E+1
1.99219E-2	1.00051E+2
2.00195E-2	1.00367E+2
2.09961E-2	1.00688E+2
2.11914E-2	1.01010E+2
2.23633E-2	1.01329E+2
2.24609E-2	1.01653E+2
2.43164E-2	1.01974E+2
2.39258E-2	1.02292E+2
2.52930E-2	1.02597E+2
2.48047E-2	1.02927E+2
2.64648E-2	1.03248E+2
2.64648E-2	1.03563E+2
2.80273E-2	1.03880E+2
2.78320E-2	1.04190E+2
2.91016E-2	1.04504E+2
2.92969E-2	1.04817E+2
2.97852E-2	1.05128E+2
3.02734E-2	1.05427E+2
3.18359E-2	1.05732E+2
3.12500E-2	1.06052E+2
3.33008E-2	1.06372E+2
3.30078E-2	1.06687E+2
3.41797E-2	1.06995E+2
3.46680E-2	1.07313E+2
3.59375E-2	1.07633E+2
3.53516E-2	1.07940E+2
3.69141E-2	1.08260E+2
3.75000E-2	1.08578E+2
3.82813E-2	1.08900E+2
3.85742E-2	1.09214E+2
3.90625E-2	1.09528E+2
3.92578E-2	1.09857E+2
3.95508E-2	1.10175E+2
3.96484E-2	1.10504E+2
4.10156E-2	1.10830E+2
4.07227E-2	1.11143E+2
4.14062E-2	1.11460E+2
3.99414E-2	1.11798E+2
4.21875E-2	1.12124E+2
4.25781E-2	1.12438E+2
4.28711E-2	1.12761E+2
4.22852E-2	1.13087E+2
4.33594E-2	1.13402E+2
4.31641E-2	1.13697E+2
4.34570E-2	1.14020E+2
4.41406E-2	1.14333E+2
4.46289E-2	1.14650E+2
4.42383E-2	1.14965E+2
4.44336E-2	1.15292E+2
4.47266E-2	1.15609E+2
4.48242E-2	1.15935E+2
4.51172E-2	1.16250E+2
4.55078E-2	1.16565E+2
4.51172E-2	1.16877E+2
4.62891E-2	1.17189E+2
4.58008E-2	1.17498E+2
4.57031E-2	1.17811E+2
4.66797E-2	1.18127E+2
4.62891E-2	1.18444E+2
4.65820E-2	1.18761E+2
4.65820E-2	1.19083E+2
4.56055E-2	1.19395E+2
4.59961E-2	1.19717E+2
4.61914E-2	1.20026E+2
4.61914E-2	1.20344E+2
4.59961E-2	1.20663E+2
4.58984E-2	1.20986E+2
4.59961E-2	1.21308E+2
4.57031E-2	1.21625E+2
4.58008E-2	1.21943E+2
4.58008E-2	1.22240E+2
4.52148E-2	1.22553E+2
4.59961E-2	1.22875E+2
4.58984E-2	1.23185E+2
4.58984E-2	1.23506E+2
4.57031E-2	1.23830E+2
4.58008E-2	1.24153E+2
4.53125E-2	1.24444E+2
4.42383E-2	1.24740E+2
4.49219E-2	1.25054E+2
4.45313E-2	1.25361E+2
4.43359E-2	1.25683E+2
4.39453E-2	1.26013E+2
4.35547E-2	1.26328E+2
4.22852E-2	1.26646E+2
4.16016E-2	1.26969E+2
4.07227E-2	1.27269E+2
4.13086E-2	1.27579E+2
4.03320E-2	1.27904E+2
3.99414E-2	1.28231E+2
3.93555E-2	1.28551E+2
3.99414E-2	1.28870E+2
3.92578E-2	1.29188E+2
3.94531E-2	1.29522E+2
3.88672E-2	1.29838E+2
3.71094E-2	1.30153E+2
3.73047E-2	1.30439E+2
3.60352E-2	1.30759E+2
3.50586E-2	1.31080E+2
3.54492E-2	1.31404E+2
3.51562E-2	1.31719E+2
3.57422E-2	1.32033E+2
3.47656E-2	1.32353E+2
3.48633E-2	1.32667E+2
3.40820E-2	1.32970E+2
3.40820E-2	1.33295E+2
3.33984E-2	1.33619E+2
3.33008E-2	1.33939E+2
3.22266E-2	1.34246E+2
3.22266E-2	1.34556E+2
3.12500E-2	1.34872E+2
3.07617E-2	1.35181E+2
2.92969E-2	1.35506E+2
2.96875E-2	1.35833E+2
2.91016E-2	1.36157E+2
2.94922E-2	1.36463E+2
2.93945E-2	1.36786E+2
2.86133E-2	1.37125E+2
2.83203E-2	1.37436E+2
2.91992E-2	1.37754E+2
2.80273E-2	1.38074E+2
2.74414E-2	1.38393E+2
2.64648E-2	1.38679E+2
2.67578E-2	1.39007E+2
2.59766E-2	1.39332E+2
2.63672E-2	1.39646E+2
2.51953E-2	1.39963E+2
2.49023E-2	1.40280E+2
2.47070E-2	1.40595E+2
2.47070E-2	1.40924E+2
2.40234E-2	1.41252E+2
2.34375E-2	1.41570E+2
2.34375E-2	1.41881E+2
2.31445E-2	1.42206E+2
2.16797E-2	1.42519E+2
2.17773E-2	1.42835E+2
2.12891E-2	1.43158E+2
2.08984E-2	1.43485E+2
1.78711E-2	1.43807E+2
2.36328E-2	1.44125E+2
2.23633E-2	1.44440E+2
2.27539E-2	1.44764E+2
2.08984E-2	1.45075E+2
2.10938E-2	1.45383E+2
2.03125E-2	1.45696E+2
2.01172E-2	1.46010E+2
1.96289E-2	1.46331E+2
1.95312E-2	1.46641E+2
1.92383E-2	1.46929E+2
1.91406E-2	1.47239E+2
1.90430E-2	1.47525E+2
1.86523E-2	1.47837E+2
1.84570E-2	1.48146E+2
1.82617E-2	1.48461E+2
1.78711E-2	1.48785E+2
1.79687E-2	1.49100E+2
1.72852E-2	1.49403E+2
1.70898E-2	1.49721E+2
1.70898E-2	1.50048E+2
1.72852E-2	1.50363E+2
1.71875E-2	1.50681E+2
1.71875E-2	1.51003E+2
1.81641E-2	1.51327E+2
1.83594E-2	1.51638E+2
1.91406E-2	1.51963E+2
1.85547E-2	1.52279E+2
1.89453E-2	1.52587E+2
1.93359E-2	1.52913E+2
1.99219E-2	1.53234E+2
1.98242E-2	1.53561E+2
2.04102E-2	1.53874E+2
2.12891E-2	1.54191E+2
2.39258E-2	1.54503E+2
2.45117E-2	1.54814E+2
2.64648E-2	1.55117E+2
2.50000E-2	1.55420E+2
2.63672E-2	1.55729E+2
2.66602E-2	1.56028E+2
2.95898E-2	1.56357E+2
2.87109E-2	1.56662E+2
3.02734E-2	1.56969E+2
3.09570E-2	1.57293E+2
3.49609E-2	1.57617E+2
3.61328E-2	1.57938E+2
3.97461E-2	1.58251E+2
3.91602E-2	1.58563E+2
3.71094E-2	1.58896E+2
3.75977E-2	1.59220E+2
4.18945E-2	1.59544E+2
4.08203E-2	1.59871E+2
4.38477E-2	1.60189E+2
4.41406E-2	1.60509E+2
4.90234E-2	1.60828E+2
4.87305E-2	1.61156E+2
5.32227E-2	1.61473E+2
5.26367E-2	1.61795E+2
5.64453E-2	1.62106E+2
5.68359E-2	1.62423E+2
6.32812E-2	1.62746E+2
6.36719E-2	1.63069E+2
6.69922E-2	1.63371E+2
6.64062E-2	1.63683E+2
6.81641E-2	1.64008E+2
6.66992E-2	1.64320E+2
7.75391E-2	1.64629E+2
8.55469E-2	1.64943E+2
9.69727E-2	1.65260E+2
9.03320E-2	1.65574E+2
9.19922E-2	1.65885E+2
8.50586E-2	1.66209E+2
8.98437E-2	1.66537E+2
8.87695E-2	1.66849E+2
9.51172E-2	1.67169E+2
9.77539E-2	1.67491E+2
1.05469E-1	1.67810E+2
1.03906E-1	1.68125E+2
1.06738E-1	1.68435E+2
1.09863E-1	1.68749E+2
1.18652E-1	1.69058E+2
1.16309E-1	1.69377E+2
1.24805E-1	1.69699E+2
1.23633E-1	1.70015E+2
1.30859E-1	1.70332E+2
1.31348E-1	1.70647E+2
1.38281E-1	1.70957E+2
1.37109E-1	1.71267E+2
1.47363E-1	1.71589E+2
1.47559E-1	1.71919E+2
1.53809E-1	1.72240E+2
1.55859E-1	1.72553E+2
1.64160E-1	1.72859E+2
1.63867E-1	1.73149E+2
1.70605E-1	1.73443E+2
1.70898E-1	1.73740E+2
1.79785E-1	1.74040E+2
1.79785E-1	1.74325E+2
1.88477E-1	1.74612E+2
1.87598E-1	1.74934E+2
1.96582E-1	1.75256E+2
1.96094E-1	1.75568E+2
2.12500E-1	1.75882E+2
2.14453E-1	1.76205E+2
2.21094E-1	1.76515E+2
2.21777E-1	1.76833E+2
2.30371E-1	1.77145E+2
2.21973E-1	1.77468E+2
2.36621E-1	1.77794E+2
2.44629E-1	1.78120E+2
2.53906E-1	1.78439E+2
2.58105E-1	1.78760E+2
2.67188E-1	1.79087E+2
2.70605E-1	1.79399E+2
2.74316E-1	1.79714E+2
2.68750E-1	1.80023E+2
2.83203E-1	1.80340E+2
2.83301E-1	1.80665E+2
2.93555E-1	1.80965E+2
2.93652E-1	1.81285E+2
3.05762E-1	1.81608E+2
3.00098E-1	1.81934E+2
3.17383E-1	1.82249E+2
3.06152E-1	1.82566E+2
3.26855E-1	1.82852E+2
3.28418E-1	1.83163E+2
3.36230E-1	1.83481E+2
3.36719E-1	1.83804E+2
3.48438E-1	1.84116E+2
3.48633E-1	1.84429E+2
3.61621E-1	1.84739E+2
3.60352E-1	1.85035E+2
3.79785E-1	1.85337E+2
3.73145E-1	1.85667E+2
3.83008E-1	1.85998E+2
3.96875E-1	1.86309E+2
3.92871E-1	1.86620E+2
4.03711E-1	1.86942E+2
4.21582E-1	1.87244E+2
4.06152E-1	1.87535E+2
4.40234E-1	1.87850E+2
4.25879E-1	1.88173E+2
4.46582E-1	1.88489E+2
4.46387E-1	1.88807E+2
4.62207E-1	1.89118E+2
4.60937E-1	1.89445E+2
4.76562E-1	1.89757E+2
4.75781E-1	1.90079E+2
4.93945E-1	1.90404E+2
4.87695E-1	1.90713E+2
5.05566E-1	1.91013E+2
4.98926E-1	1.91324E+2
5.18945E-1	1.91644E+2
5.14160E-1	1.91967E+2
5.23828E-1	1.92295E+2
5.18359E-1	1.92621E+2
5.41504E-1	1.92930E+2
5.36035E-1	1.93250E+2
5.49902E-1	1.93578E+2
5.39941E-1	1.93891E+2
5.64355E-1	1.94217E+2
5.62500E-1	1.94533E+2
5.76953E-1	1.94850E+2
5.72461E-1	1.95168E+2
5.82129E-1	1.95480E+2
5.82617E-1	1.95818E+2
5.88770E-1	1.96135E+2
5.82422E-1	1.96450E+2
6.04883E-1	1.96780E+2
5.91211E-1	1.97084E+2
6.11621E-1	1.97407E+2
6.17578E-1	1.97722E+2
6.34082E-1	1.98052E+2
6.27930E-1	1.98371E+2
6.43457E-1	1.98694E+2
6.36133E-1	1.99015E+2
6.57617E-1	1.99318E+2
6.51074E-1	1.99622E+2
6.67773E-1	1.99933E+2
6.69043E-1	2.00246E+2
6.72949E-1	2.00551E+2
6.66992E-1	2.00874E+2
6.73926E-1	2.01194E+2
6.67676E-1	2.01512E+2
6.81445E-1	2.01831E+2
6.89551E-1	2.02154E+2
7.11719E-1	2.02479E+2
7.26758E-1	2.02793E+2
7.45801E-1	2.03109E+2
7.45898E-1	2.03431E+2
7.55859E-1	2.03740E+2
7.62598E-1	2.04058E+2
7.75781E-1	2.04372E+2
7.80273E-1	2.04687E+2
7.91992E-1	2.04998E+2
7.96191E-1	2.05315E+2
8.04297E-1	2.05641E+2
7.98340E-1	2.05954E+2
8.10840E-1	2.06268E+2
8.12012E-1	2.06580E+2
8.23438E-1	2.06892E+2
8.23340E-1	2.07217E+2
8.32910E-1	2.07535E+2
8.30078E-1	2.07826E+2
8.22168E-1	2.08127E+2
8.21387E-1	2.08465E+2
8.32715E-1	2.08785E+2
8.37109E-1	2.09093E+2
8.47559E-1	2.09409E+2
8.50781E-1	2.09721E+2
8.62109E-1	2.10039E+2
8.56836E-1	2.10350E+2
8.72266E-1	2.10667E+2
8.71484E-1	2.10989E+2
8.79004E-1	2.11306E+2
8.78418E-1	2.11628E+2
8.91211E-1	2.11957E+2
8.86719E-1	2.12285E+2
8.95020E-1	2.12596E+2
8.94727E-1	2.12909E+2
9.03223E-1	2.13233E+2
9.03418E-1	2.13539E+2
9.10742E-1	2.13844E+2
9.07910E-1	2.14144E+2
9.22559E-1	2.14453E+2
9.19141E-1	2.14765E+2
9.27637E-1	2.15081E+2
9.26562E-1	2.15391E+2
9.38477E-1	2.15705E+2
9.44141E-1	2.15994E+2
9.51367E-1	2.16310E+2
9.52734E-1	2.16621E+2
9.60059E-1	2.16924E+2
9.58984E-1	2.17245E+2
9.63574E-1	2.17570E+2
9.62109E-1	2.17879E+2
9.66504E-1	2.18199E+2
9.64258E-1	2.18523E+2
9.67969E-1	2.18833E+2
9.67480E-1	2.19145E+2
9.73340E-1	2.19471E+2
9.71973E-1	2.19787E+2
9.74512E-1	2.20099E+2
9.73535E-1	2.20410E+2
9.76367E-1	2.20736E+2
9.77441E-1	2.21049E+2
9.82520E-1	2.21378E+2
9.82324E-1	2.21693E+2
9.85840E-1	2.22018E+2
9.85938E-1	2.22333E+2
9.91699E-1	2.22656E+2
9.92090E-1	2.22978E+2
9.93359E-1	2.23294E+2
9.95508E-1	2.23618E+2
9.94043E-1	2.23951E+2
9.91211E-1	2.24255E+2
9.91699E-1	2.24545E+2
9.94824E-1	2.24865E+2
9.95996E-1	2.25187E+2
9.95117E-1	2.25482E+2
9.96191E-1	2.25806E+2
9.96289E-1	2.26128E+2
9.97070E-1	2.26439E+2
9.97266E-1	2.26763E+2
1.00020E+0	2.27074E+2
1.00186E+0	2.27403E+2
1.00264E+0	2.27712E+2
9.98437E-1	2.28022E+2
1.00098E+0	2.28336E+2
1.00547E+0	2.28654E+2
1.00937E+0	2.28988E+2
1.00967E+0	2.29302E+2
1.00889E+0	2.29620E+2
1.00703E+0	2.29924E+2
1.00361E+0	2.30242E+2
1.00039E+0	2.30559E+2
9.98926E-1	2.30866E+2
9.98437E-1	2.31196E+2
9.96484E-1	2.31513E+2
9.95898E-1	2.31830E+2
9.94043E-1	2.32145E+2
9.92090E-1	2.32459E+2
9.91211E-1	2.32771E+2
9.90723E-1	2.33073E+2
9.87402E-1	2.33390E+2
9.87207E-1	2.33713E+2
9.85840E-1	2.34023E+2
9.86328E-1	2.34354E+2
9.83789E-1	2.34657E+2
9.85059E-1	2.34985E+2
9.80371E-1	2.35304E+2
9.80566E-1	2.35619E+2
9.74707E-1	2.35941E+2
9.75098E-1	2.36262E+2
9.67285E-1	2.36830E+2
9.67285E-1	2.37118E+2
9.61621E-1	2.37422E+2
9.63867E-1	2.37746E+2
9.57715E-1	2.38072E+2
9.55957E-1	2.38388E+2
9.51465E-1	2.38708E+2
9.51172E-1	2.39033E+2
9.43262E-1	2.39322E+2
9.41504E-1	2.39622E+2
9.38867E-1	2.39910E+2
9.43359E-1	2.40242E+2
9.40918E-1	2.40545E+2
9.39648E-1	2.40840E+2
9.36230E-1	2.41157E+2
9.36621E-1	2.41472E+2
9.32715E-1	2.41782E+2
9.33691E-1	2.42096E+2
9.25195E-1	2.42427E+2
9.25684E-1	2.42740E+2
9.18164E-1	2.43058E+2
9.18457E-1	2.43374E+2
9.09180E-1	2.43706E+2
9.10254E-1	2.44026E+2
9.05664E-1	2.44348E+2
9.05957E-1	2.44655E+2
8.96680E-1	2.44969E+2
8.97656E-1	2.45275E+2
8.89551E-1	2.45570E+2
8.90039E-1	2.45899E+2
8.82910E-1	2.46208E+2
8.82715E-1	2.46530E+2
8.72168E-1	2.46844E+2
8.71289E-1	2.47154E+2
8.64746E-1	2.47467E+2
8.63184E-1	2.47784E+2
8.48340E-1	2.48102E+2
8.48047E-1	2.48407E+2
8.41113E-1	2.48732E+2
8.40039E-1	2.49034E+2
8.27539E-1	2.49329E+2
8.27637E-1	2.49653E+2
8.17090E-1	2.49976E+2
8.16602E-1	2.50305E+2
8.03613E-1	2.50629E+2
8.03711E-1	2.50949E+2
7.90820E-1	2.51268E+2
7.90234E-1	2.51575E+2
7.79004E-1	2.51891E+2
7.79687E-1	2.52217E+2
7.65234E-1	2.52526E+2
7.64746E-1	2.52841E+2
7.54102E-1	2.53159E+2
7.55078E-1	2.53476E+2
7.38965E-1	2.53787E+2
7.40527E-1	2.54127E+2
7.27832E-1	2.54455E+2
7.28027E-1	2.54758E+2
7.14844E-1	2.55074E+2
7.14941E-1	2.55398E+2
7.02930E-1	2.55718E+2
7.02148E-1	2.56036E+2
6.86719E-1	2.56352E+2
6.88379E-1	2.56676E+2
6.72363E-1	2.56993E+2
6.72363E-1	2.57311E+2
6.53906E-1	2.57609E+2
6.54687E-1	2.57928E+2
6.40723E-1	2.58236E+2
6.42090E-1	2.58562E+2
6.31055E-1	2.58886E+2
6.31738E-1	2.59202E+2
6.19629E-1	2.59529E+2
6.22949E-1	2.59836E+2
6.13574E-1	2.60159E+2
6.15234E-1	2.60480E+2
6.01074E-1	2.60805E+2
6.01953E-1	2.61125E+2
5.88379E-1	2.61447E+2
5.83594E-1	2.61758E+2
5.71484E-1	2.62076E+2
5.71582E-1	2.62387E+2
5.54395E-1	2.62708E+2
5.53906E-1	2.63030E+2
5.40820E-1	2.63346E+2
5.42090E-1	2.63659E+2
5.28418E-1	2.63969E+2
5.29590E-1	2.64289E+2
5.14941E-1	2.64595E+2
5.14648E-1	2.64915E+2
5.01074E-1	2.65236E+2
5.00879E-1	2.65548E+2
4.89941E-1	2.65845E+2
4.89551E-1	2.66170E+2
4.76270E-1	2.66490E+2
4.77148E-1	2.66801E+2
4.64648E-1	2.67128E+2
4.63672E-1	2.67449E+2
4.46973E-1	2.67755E+2
4.48047E-1	2.68072E+2
4.30176E-1	2.68395E+2
4.31250E-1	2.68716E+2
4.14062E-1	2.69041E+2
4.13086E-1	2.69368E+2
3.97656E-1	2.69679E+2
3.96777E-1	2.69983E+2
3.79199E-1	2.70294E+2
3.78809E-1	2.70627E+2
3.63477E-1	2.70945E+2
3.64551E-1	2.71249E+2
3.50977E-1	2.71564E+2
3.50586E-1	2.71883E+2
3.38477E-1	2.72198E+2
3.37793E-1	2.72515E+2
3.21777E-1	2.72849E+2
3.22168E-1	2.73172E+2
3.12988E-1	2.73492E+2
3.12891E-1	2.73811E+2
2.99121E-1	2.74110E+2
2.99121E-1	2.74428E+2
2.88477E-1	2.74736E+2
2.88477E-1	2.75054E+2
2.75000E-1	2.75367E+2
2.73926E-1	2.75691E+2
2.62305E-1	2.76028E+2
2.61426E-1	2.76339E+2
2.47949E-1	2.76657E+2
2.50586E-1	2.76962E+2
2.39941E-1	2.77278E+2
2.40820E-1	2.77588E+2
2.30469E-1	2.77903E+2
2.29492E-1	2.78219E+2
2.18652E-1	2.78532E+2
2.19629E-1	2.78843E+2
2.11621E-1	2.79167E+2
2.10254E-1	2.79494E+2
1.99902E-1	2.79812E+2
2.00293E-1	2.80128E+2
1.92969E-1	2.80459E+2
1.92578E-1	2.80772E+2
1.83984E-1	2.81092E+2
1.83105E-1	2.81414E+2
1.74219E-1	2.81739E+2
1.73926E-1	2.82054E+2
1.68262E-1	2.82341E+2
1.69043E-1	2.82662E+2
1.59570E-1	2.82974E+2
1.59766E-1	2.83299E+2
1.51367E-1	2.83614E+2
1.52246E-1	2.83920E+2
1.41699E-1	2.84238E+2
1.42383E-1	2.84568E+2
1.34570E-1	2.84874E+2
1.33887E-1	2.85185E+2
1.26953E-1	2.85505E+2
1.26953E-1	2.85836E+2
1.18066E-1	2.86156E+2
1.17969E-1	2.86457E+2
1.12109E-1	2.86766E+2
1.11426E-1	2.87099E+2
1.02734E-1	2.87413E+2
1.02539E-1	2.87728E+2
9.42383E-2	2.88043E+2
9.53125E-2	2.88352E+2
8.78906E-2	2.88665E+2
8.81836E-2	2.88992E+2
8.24219E-2	2.89312E+2
8.24219E-2	2.89622E+2
7.74414E-2	2.89946E+2
7.78320E-2	2.90264E+2
7.04102E-2	2.90553E+2
6.98242E-2	2.90871E+2
6.60156E-2	2.91188E+2
6.52344E-2	2.91506E+2
6.16211E-2	2.91823E+2
6.09375E-2	2.92152E+2
5.38086E-2	2.92479E+2
5.34180E-2	2.92793E+2
4.83398E-2	2.93129E+2
4.79492E-2	2.93449E+2
4.34570E-2	2.93768E+2
4.36523E-2	2.94072E+2
3.83789E-2	2.94390E+2
3.79883E-2	2.94715E+2
3.39844E-2	2.95028E+2
3.40820E-2	2.95348E+2
2.98828E-2	2.95667E+2
2.99805E-2	2.95982E+2
2.65625E-2	2.96307E+2
2.63672E-2	2.96620E+2
2.36328E-2	2.96934E+2
2.42188E-2	2.97260E+2
2.04102E-2	2.97581E+2
2.09961E-2	2.97910E+2
1.86523E-2	2.98210E+2
1.87500E-2	2.98531E+2
1.50391E-2	2.98827E+2
1.54297E-2	2.99148E+2
1.33789E-2	2.99457E+2
1.32812E-2	2.99772E+2
1.13281E-2	3.00098E+2
1.08398E-2	3.00411E+2
9.27734E-3	3.00743E+2
9.57031E-3	3.01073E+2
6.73828E-3	3.01395E+2
7.03125E-3	3.01711E+2
4.98047E-3	3.02029E+2
4.88281E-3	3.02362E+2
3.51563E-3	3.02670E+2
3.32031E-3	3.02990E+2
9.76562E-4	3.03321E+2
1.46484E-3	3.03630E+2
6.83594E-4	3.03960E+2
6.83594E-4	3.04276E+2
3.90625E-4	3.04594E+2
1.95313E-4	3.04898E+2
0.00000E+0	3.05220E+2
0.00000E+0	3.05525E+2
0.00000E+0	3.05816E+2
0.00000E+0	3.06139E+2
0.00000E+0	3.06467E+2
0.00000E+0	3.06801E+2
0.00000E+0	3.07088E+2
0.00000E+0	3.07414E+2
0.00000E+0	3.07736E+2
0.00000E+0	3.08041E+2
0.00000E+0	3.08350E+2
0.00000E+0	3.08679E+2
0.00000E+0	3.08987E+2
0.00000E+0	3.09300E+2
0.00000E+0	3.09615E+2
0.00000E+0	3.09942E+2
0.00000E+0	3.10253E+2
0.00000E+0	3.10568E+2
2.92969E-4	3.10888E+2
1.95313E-4	3.11214E+2
0.00000E+0	3.11536E+2
9.76563E-5	3.11861E+2
9.76563E-5	3.12179E+2
9.76563E-5	3.12501E+2
4.88281E-4	3.12825E+2
5.85937E-4	3.13146E+2
7.81250E-4	3.13457E+2
1.26953E-3	3.13778E+2
2.83203E-3	3.14106E+2
3.51563E-3	3.14418E+2
4.10156E-3	3.14720E+2
3.32031E-3	3.15045E+2
4.98047E-3	3.15338E+2
4.78516E-3	3.15647E+2
5.37109E-3	3.15966E+2
6.54297E-3	3.16289E+2
6.93359E-3	3.16616E+2
6.44531E-3	3.16929E+2
7.61719E-3	3.17237E+2
7.81250E-3	3.17562E+2
8.39844E-3	3.17878E+2
8.69141E-3	3.18210E+2
9.57031E-3	3.18513E+2
9.66797E-3	3.18826E+2
1.03516E-2	3.19140E+2
1.03516E-2	3.19465E+2
1.19141E-2	3.19777E+2
1.23047E-2	3.20089E+2
1.36719E-2	3.20415E+2
1.34766E-2	3.20728E+2
1.45508E-2	3.21037E+2
1.46484E-2	3.21350E+2
1.55273E-2	3.21675E+2
1.51367E-2	3.21991E+2
1.63086E-2	3.22315E+2
1.68945E-2	3.22639E+2
1.77734E-2	3.22966E+2
1.82617E-2	3.23275E+2
1.92383E-2	3.23562E+2
1.96289E-2	3.23879E+2
1.98242E-2	3.24200E+2
2.02148E-2	3.24525E+2
2.06055E-2	3.24838E+2
2.18750E-2	3.25154E+2
2.24609E-2	3.25471E+2
2.21680E-2	3.25799E+2
2.33398E-2	3.26119E+2
2.36328E-2	3.26436E+2
2.41211E-2	3.26747E+2
2.39258E-2	3.27078E+2
2.45117E-2	3.27397E+2
2.45117E-2	3.27699E+2
2.48047E-2	3.28014E+2
2.50977E-2	3.28334E+2
2.54883E-2	3.28645E+2
2.56836E-2	3.28972E+2
2.63672E-2	3.29289E+2
2.57812E-2	3.29615E+2
2.70508E-2	3.29917E+2
2.66602E-2	3.30229E+2
2.67578E-2	3.30547E+2
2.71484E-2	3.30855E+2
2.77344E-2	3.31174E+2
2.74414E-2	3.31491E+2
2.75391E-2	3.31797E+2
2.79297E-2	3.32111E+2
2.77344E-2	3.32429E+2
2.82227E-2	3.32752E+2
2.91016E-2	3.33064E+2
2.90039E-2	3.33392E+2
2.89063E-2	3.33713E+2
2.91016E-2	3.34026E+2
2.89063E-2	3.34353E+2
2.90039E-2	3.34671E+2
2.94922E-2	3.34983E+2
2.90039E-2	3.35290E+2
2.92969E-2	3.35619E+2
2.91992E-2	3.35945E+2
2.91992E-2	3.36253E+2
2.92969E-2	3.36570E+2
2.91992E-2	3.36887E+2
2.92969E-2	3.37196E+2
2.89063E-2	3.37512E+2
2.91016E-2	3.37841E+2
2.87109E-2	3.38173E+2
2.87109E-2	3.38492E+2
2.87109E-2	3.38808E+2
2.90039E-2	3.39125E+2
2.85156E-2	3.39444E+2
2.82227E-2	3.39748E+2
2.84180E-2	3.40050E+2
2.84180E-2	3.40360E+2
2.74414E-2	3.40678E+2
2.75391E-2	3.40994E+2
2.70508E-2	3.41304E+2
2.70508E-2	3.41628E+2
2.60742E-2	3.41944E+2
2.63672E-2	3.42229E+2
2.54883E-2	3.42516E+2
2.60742E-2	3.42809E+2
2.48047E-2	3.43108E+2
2.50977E-2	3.43409E+2
2.45117E-2	3.43706E+2
2.44141E-2	3.44015E+2
2.41211E-2	3.44341E+2
2.41211E-2	3.44639E+2
2.39258E-2	3.44949E+2
2.34375E-2	3.45281E+2
2.32422E-2	3.45614E+2
2.37305E-2	3.45935E+2
2.26562E-2	3.46235E+2
2.25586E-2	3.46543E+2
2.16797E-2	3.46862E+2
2.28516E-2	3.47189E+2
2.18750E-2	3.47507E+2
2.17773E-2	3.47827E+2
2.08008E-2	3.48141E+2
2.08984E-2	3.48425E+2
2.00195E-2	3.48738E+2
1.99219E-2	3.49052E+2
1.99219E-2	3.49376E+2
1.98242E-2	3.49691E+2
1.97266E-2	3.50021E+2
1.95312E-2	3.50343E+2
1.87500E-2	3.50660E+2
1.85547E-2	3.50990E+2
1.70898E-2	3.51313E+2
1.78711E-2	3.51627E+2
1.68945E-2	3.51938E+2
1.67969E-2	3.52265E+2
1.55273E-2	3.52581E+2
1.48437E-2	3.52896E+2
1.49414E-2	3.53215E+2
1.51367E-2	3.53545E+2
1.40625E-2	3.53849E+2
1.47461E-2	3.54161E+2
1.34766E-2	3.54484E+2
1.40625E-2	3.54809E+2
1.25000E-2	3.55117E+2
1.20117E-2	3.55443E+2
1.05469E-2	3.55775E+2
1.08398E-2	3.56086E+2
1.05469E-2	3.56411E+2
1.02539E-2	3.56697E+2
9.86328E-3	3.57012E+2
9.76562E-3	3.57329E+2
9.08203E-3	3.57654E+2
9.37500E-3	3.57959E+2
7.22656E-3	3.58273E+2
7.32422E-3	3.58609E+2
6.83594E-3	3.58926E+2
6.05469E-3	3.59232E+2
5.17578E-3	3.59539E+2
5.56641E-3	3.59852E+2
4.29688E-3	3.60167E+2
4.98047E-3	3.60472E+2
3.80859E-3	3.60803E+2
3.51563E-3	3.61110E+2
2.24609E-3	3.61407E+2
2.63672E-3	3.61729E+2
1.56250E-3	3.62049E+2
1.36719E-3	3.62375E+2
7.81250E-4	3.62692E+2
4.88281E-4	3.63014E+2
1.95313E-4	3.63346E+2
9.76563E-5	3.63671E+2
0.00000E+0	3.63987E+2
0.00000E+0	3.64300E+2
0.00000E+0	3.64617E+2
0.00000E+0	3.64902E+2
0.00000E+0	3.65222E+2
0.00000E+0	3.65531E+2
0.00000E+0	3.65827E+2
0.00000E+0	3.66120E+2
0.00000E+0	3.66427E+2
0.00000E+0	3.66739E+2
0.00000E+0	3.67055E+2
0.00000E+0	3.67384E+2
0.00000E+0	3.67707E+2
0.00000E+0	3.68013E+2
0.00000E+0	3.68338E+2
0.00000E+0	3.68674E+2
0.00000E+0	3.68986E+2
0.00000E+0	3.69302E+2
0.00000E+0	3.69616E+2
0.00000E+0	3.69945E+2
0.00000E+0	3.70257E+2
0.00000E+0	3.70573E+2
0.00000E+0	3.70892E+2
0.00000E+0	3.71215E+2
0.00000E+0	3.71533E+2
0.00000E+0	3.71858E+2
0.00000E+0	3.72176E+2
0.00000E+0	3.72497E+2
0.00000E+0	3.72825E+2
0.00000E+0	3.73118E+2
0.00000E+0	3.73416E+2
0.00000E+0	3.73743E+2
0.00000E+0	3.74071E+2
0.00000E+0	3.74395E+2
0.00000E+0	3.74704E+2
0.00000E+0	3.75017E+2
0.00000E+0	3.75349E+2
0.00000E+0	3.75656E+2
0.00000E+0	3.75976E+2
0.00000E+0	3.76304E+2
0.00000E+0	3.76624E+2
0.00000E+0	3.76942E+2
0.00000E+0	3.77260E+2
0.00000E+0	3.77579E+2
0.00000E+0	3.77887E+2
0.00000E+0	3.78211E+2
0.00000E+0	3.78535E+2
0.00000E+0	3.78853E+2
0.00000E+0	3.79175E+2
0.00000E+0	3.79492E+2
0.00000E+0	3.79802E+2
0.00000E+0	3.80129E+2
0.00000E+0	3.80452E+2
0.00000E+0	3.80769E+2
0.00000E+0	3.81070E+2
0.00000E+0	3.81374E+2
0.00000E+0	3.81682E+2
0.00000E+0	3.82011E+2
0.00000E+0	3.82320E+2
0.00000E+0	3.82640E+2
0.00000E+0	3.82960E+2
0.00000E+0	3.83270E+2
0.00000E+0	3.83596E+2
0.00000E+0	3.83912E+2
0.00000E+0	3.84239E+2
0.00000E+0	3.84550E+2
0.00000E+0	3.84866E+2
0.00000E+0	3.85196E+2
0.00000E+0	3.85510E+2
0.00000E+0	3.85838E+2
0.00000E+0	3.86164E+2
0.00000E+0	3.86494E+2
0.00000E+0	3.86815E+2
0.00000E+0	3.87133E+2
0.00000E+0	3.87450E+2
0.00000E+0	3.87764E+2
0.00000E+0	3.88068E+2
0.00000E+0	3.88385E+2
0.00000E+0	3.88686E+2
0.00000E+0	3.89029E+2
0.00000E+0	3.89350E+2
0.00000E+0	3.89645E+2
0.00000E+0	3.89945E+2
0.00000E+0	3.90254E+2
0.00000E+0	3.90585E+2
0.00000E+0	3.90901E+2
0.00000E+0	3.91226E+2
0.00000E+0	3.91546E+2
0.00000E+0	3.91866E+2
0.00000E+0	3.92183E+2
0.00000E+0	3.92499E+2
0.00000E+0	3.92821E+2
0.00000E+0	3.93142E+2
0.00000E+0	3.93464E+2
0.00000E+0	3.93787E+2
0.00000E+0	3.94111E+2
0.00000E+0	3.94433E+2
0.00000E+0	3.94753E+2
0.00000E+0	3.95068E+2
0.00000E+0	3.95373E+2
0.00000E+0	3.95698E+2
0.00000E+0	3.96018E+2
0.00000E+0	3.96331E+2
0.00000E+0	3.96665E+2
0.00000E+0	3.96999E+2
0.00000E+0	3.97326E+2
0.00000E+0	3.97642E+2
0.00000E+0	3.97938E+2
0.00000E+0	3.98246E+2
0.00000E+0	3.98567E+2
0.00000E+0	3.98890E+2
0.00000E+0	3.99222E+2
0.00000E+0	3.99540E+2
0.00000E+0	3.99865E+2
0.00000E+0	4.00179E+2
0.00000E+0	4.00503E+2
0.00000E+0	4.00819E+2
0.00000E+0	4.01141E+2
0.00000E+0	4.01476E+2
0.00000E+0	4.01789E+2
0.00000E+0	4.02109E+2
0.00000E+0	4.02430E+2
0.00000E+0	4.02745E+2
0.00000E+0	4.03061E+2
0.00000E+0	4.03397E+2
0.00000E+0	4.03712E+2
0.00000E+0	4.04022E+2
0.00000E+0	4.04344E+2
0.00000E+0	4.04665E+2
0.00000E+0	4.04965E+2
0.00000E+0	4.05280E+2
0.00000E+0	4.05603E+2
0.00000E+0	4.05918E+2
0.00000E+0	4.06211E+2
0.00000E+0	4.06535E+2
0.00000E+0	4.06851E+2
9.76563E-5	4.07160E+2
9.76563E-5	4.07483E+2
1.95313E-4	4.07799E+2
9.76563E-5	4.08118E+2
0.00000E+0	4.08422E+2
0.00000E+0	4.08740E+2
9.76563E-5	4.09068E+2
4.88281E-4	4.09385E+2
7.81250E-4	4.09713E+2
4.88281E-4	4.10043E+2
1.26953E-3	4.10353E+2
1.95313E-4	4.10658E+2
9.76562E-4	4.10982E+2
8.78906E-4	4.11301E+2
1.36719E-3	4.11607E+2
1.07422E-3	4.11932E+2
1.07422E-3	4.12254E+2
7.81250E-4	4.12567E+2
1.95312E-3	4.12874E+2
1.26953E-3	4.13187E+2
9.76562E-4	4.13509E+2
5.85937E-4	4.13824E+2
7.81250E-4	4.14147E+2
1.36719E-3	4.14446E+2
1.95312E-3	4.14739E+2
7.81250E-4	4.15059E+2
1.36719E-3	4.15372E+2
1.36719E-3	4.15700E+2
1.56250E-3	4.16008E+2
1.85547E-3	4.16329E+2
2.14844E-3	4.16641E+2
2.24609E-3	4.16955E+2
2.05078E-3	4.17270E+2
1.56250E-3	4.17591E+2
1.56250E-3	4.17905E+2
1.95312E-3	4.18207E+2
1.75781E-3	4.18526E+2
3.12500E-3	4.18854E+2
2.53906E-3	4.19163E+2
2.73437E-3	4.19478E+2
2.14844E-3	4.19802E+2
2.34375E-3	4.20119E+2
2.34375E-3	4.20429E+2
1.75781E-3	4.20756E+2
1.95312E-3	4.21089E+2
2.63672E-3	4.21396E+2
2.14844E-3	4.21715E+2
3.02734E-3	4.22038E+2
2.92969E-3	4.22365E+2
2.24609E-3	4.22663E+2
2.44141E-3	4.22964E+2
2.73437E-3	4.23284E+2
1.85547E-3	4.23600E+2
2.92969E-3	4.23916E+2
1.95312E-3	4.24241E+2
1.75781E-3	4.24554E+2
2.73437E-3	4.24870E+2
2.14844E-3	4.25171E+2
2.44141E-3	4.25492E+2
2.05078E-3	4.25804E+2
2.24609E-3	4.26132E+2
1.85547E-3	4.26431E+2
1.85547E-3	4.26733E+2
1.36719E-3	4.27065E+2
2.24609E-3	4.27397E+2
1.36719E-3	4.27716E+2
1.17187E-3	4.28010E+2
8.78906E-4	4.28338E+2
1.36719E-3	4.28667E+2
9.76562E-4	4.28970E+2
9.76562E-4	4.29282E+2
9.76562E-4	4.29601E+2
9.76562E-4	4.29933E+2
1.07422E-3	4.30243E+2
6.83594E-4	4.30550E+2
5.85937E-4	4.30867E+2
4.88281E-4	4.31160E+2
1.95313E-4	4.31481E+2
3.90625E-4	4.31789E+2
1.95313E-4	4.32114E+2
9.76563E-5	4.32436E+2
1.95313E-4	4.32756E+2
0.00000E+0	4.33081E+2
0.00000E+0	4.33399E+2
0.00000E+0	4.33719E+2
0.00000E+0	4.34041E+2
0.00000E+0	4.34358E+2
0.00000E+0	4.34676E+2
0.00000E+0	4.34998E+2
0.00000E+0	4.35305E+2
0.00000E+0	4.35613E+2
0.00000E+0	4.35938E+2
0.00000E+0	4.36252E+2
0.00000E+0	4.36565E+2
0.00000E+0	4.36892E+2
0.00000E+0	4.37212E+2
0.00000E+0	4.37533E+2
0.00000E+0	4.37849E+2
0.00000E+0	4.38165E+2
0.00000E+0	4.38488E+2
0.00000E+0	4.38796E+2
0.00000E+0	4.39122E+2
0.00000E+0	4.39418E+2
0.00000E+0	4.39733E+2
0.00000E+0	4.40054E+2
0.00000E+0	4.40374E+2
0.00000E+0	4.40690E+2
0.00000E+0	4.41009E+2
0.00000E+0	4.41330E+2
0.00000E+0	4.41643E+2
0.00000E+0	4.41956E+2
0.00000E+0	4.42273E+2
0.00000E+0	4.42604E+2
0.00000E+0	4.42920E+2
0.00000E+0	4.43220E+2
0.00000E+0	4.43552E+2
0.00000E+0	4.43882E+2
0.00000E+0	4.44198E+2
0.00000E+0	4.44523E+2
0.00000E+0	4.44848E+2
0.00000E+0	4.45162E+2
0.00000E+0	4.45475E+2
0.00000E+0	4.45796E+2
0.00000E+0	4.46125E+2
0.00000E+0	4.46435E+2
0.00000E+0	4.46751E+2
0.00000E+0	4.47073E+2
0.00000E+0	4.47395E+2
0.00000E+0	4.47687E+2
0.00000E+0	4.48006E+2
0.00000E+0	4.48328E+2
0.00000E+0	4.48650E+2
0.00000E+0	4.48973E+2
0.00000E+0	4.49289E+2
0.00000E+0	4.49610E+2
0.00000E+0	4.49933E+2
0.00000E+0	4.50257E+2
0.00000E+0	4.50569E+2
0.00000E+0	4.50874E+2
0.00000E+0	4.51199E+2
0.00000E+0	4.51514E+2
0.00000E+0	4.51830E+2
0.00000E+0	4.52148E+2
0.00000E+0	4.52464E+2
0.00000E+0	4.52803E+2
0.00000E+0	4.53110E+2
0.00000E+0	4.53434E+2
0.00000E+0	4.53759E+2
0.00000E+0	4.54072E+2
0.00000E+0	4.54390E+2
0.00000E+0	4.54703E+2
0.00000E+0	4.55026E+2
0.00000E+0	4.55334E+2
0.00000E+0	4.55654E+2
0.00000E+0	4.55952E+2
0.00000E+0	4.56268E+2
0.00000E+0	4.56593E+2
0.00000E+0	4.56908E+2
0.00000E+0	4.57225E+2
0.00000E+0	4.57543E+2
0.00000E+0	4.57870E+2
0.00000E+0	4.58178E+2
0.00000E+0	4.58476E+2
0.00000E+0	4.58798E+2
0.00000E+0	4.59109E+2
0.00000E+0	4.59419E+2
0.00000E+0	4.59735E+2
0.00000E+0	4.60054E+2
0.00000E+0	4.60370E+2
0.00000E+0	4.60685E+2
0.00000E+0	4.61012E+2
0.00000E+0	4.61324E+2
0.00000E+0	4.61635E+2
0.00000E+0	4.61963E+2
0.00000E+0	4.62286E+2
0.00000E+0	4.62605E+2
0.00000E+0	4.62928E+2
0.00000E+0	4.63253E+2
0.00000E+0	4.63575E+2
0.00000E+0	4.63874E+2
0.00000E+0	4.64169E+2
0.00000E+0	4.64488E+2
0.00000E+0	4.64797E+2
0.00000E+0	4.65105E+2
0.00000E+0	4.65433E+2
0.00000E+0	4.65772E+2
0.00000E+0	4.66075E+2
0.00000E+0	4.66398E+2
0.00000E+0	4.66724E+2
0.00000E+0	4.67044E+2
0.00000E+0	4.67356E+2
0.00000E+0	4.67659E+2
0.00000E+0	4.67987E+2
0.00000E+0	4.68287E+2
0.00000E+0	4.68588E+2
0.00000E+0	4.68910E+2
0.00000E+0	4.69222E+2
0.00000E+0	4.69537E+2
0.00000E+0	4.69844E+2
0.00000E+0	4.70161E+2
0.00000E+0	4.70471E+2
0.00000E+0	4.70794E+2
0.00000E+0	4.71114E+2
0.00000E+0	4.71421E+2
0.00000E+0	4.71736E+2
0.00000E+0	4.72055E+2
0.00000E+0	4.72353E+2
0.00000E+0	4.72658E+2
0.00000E+0	4.72980E+2
0.00000E+0	4.73299E+2
0.00000E+0	4.73608E+2
0.00000E+0	4.73921E+2
0.00000E+0	4.74239E+2
0.00000E+0	4.74574E+2
0.00000E+0	4.74883E+2
0.00000E+0	4.75196E+2
0.00000E+0	4.75517E+2
0.00000E+0	4.75830E+2
0.00000E+0	4.76153E+2
0.00000E+0	4.76481E+2
0.00000E+0	4.76800E+2
0.00000E+0	4.77111E+2
0.00000E+0	4.77430E+2
0.00000E+0	4.77749E+2
0.00000E+0	4.78066E+2
0.00000E+0	4.78392E+2
0.00000E+0	4.78717E+2
0.00000E+0	4.79027E+2
0.00000E+0	4.79340E+2
0.00000E+0	4.79655E+2
0.00000E+0	4.79969E+2
0.00000E+0	4.80275E+2
